0   
1   
2   
3   
4   
5   
6   
7   
8   
9   
10   
11   
12   
13   
14   
15   
16   
17   
18   
19   
20   
21   
22   
23   
24   
25   
26   
27   
28   
29   
30   
31   
32   
33   
34   
35   
36   
37   
38   
39   
40   
41   
42   
43   
44   
45   
46   
47   
48   
49   
50   
51   
52   
53   
54   
55   
56   
57   
58   
59   
60   
61   
62   
63   
64   
65   
66   
67   
68   
69   
70   
71   
72   
73   
74   
75   
76   
77   
78   
79   
80   
81   
82   
83   
84   
85   
86   
87   
88   
89   
90   
91   
92   
93   
94   
95   
96   
97   
98   
99   
100   
101   
102   
103   
104   
105   
106   
107   
108   
109   
110   
111   
112   
113   
114   
115   
116   
117   
118   
119   
120   
121   
122   
123   
124   
125   
126   
127   
128   
129   
130   35 
131   
132   
133   
134   
135   
136   
137   
138   
139   
140   
141   
142   
143   
144   
145   
146   
147   
148   
149   
150   
151   
152   
153   
154   
155   
156   
157   
158   
159   
160   
161   
162   
163   
164   
165   
166   
167   
168   
169   
170   
171   
172   
173   
174   
175   
176   
177   
178   
179   
180   
181   
182   
183   
184   
185   
186   
187   
188   
189   
190   
191   
192   
193   
194   
195   
196   
197   
198   
199   
200   
201   
202   
203   
204   
205   
206   
207   
208   
209   
210   35 
211   
212   
213   36 40 
214   
215   
216   
217   
218   
219   
220   
221   
222   
223   
224   
225   
226   
227   
228   
229   
230   
231   
232   
233   
234   
235   
236   
237   
238   
239   
240   
241   
242   
243   
244   
245   
246   
247   
248   
249   
250   
251   
252   
253   
254   
255   
256   
257   
258   
259   
260   
261   
262   
263   
264   
265   
266   
267   
268   
269   
270   
271   
272   
273   
274   
275   
276   
277   
278   
279   
280   
281   
282   
283   
284   
285   
286   
287   
288   
289   35 
290   
291   
292   
293   36 40 
294   
295   
296   37 41 70 
297   45 
298   
299   
300   
301   
302   
303   
304   
305   
306   
307   
308   
309   
310   
311   
312   
313   
314   
315   
316   
317   
318   
319   
320   
321   
322   
323   
324   
325   
326   
327   
328   
329   
330   
331   
332   
333   
334   
335   
336   
337   
338   
339   
340   
341   
342   
343   
344   
345   
346   
347   
348   
349   
350   
351   
352   
353   
354   
355   
356   
357   
358   
359   
360   
361   
362   
363   
364   
365   
366   
367   
368   
369   35 
370   
371   
372   36 
373   40 
374   
375   37 
376   41 45 70 
377   
378   
379   
380   
381   
382   
383   
384   
385   
386   
387   
388   
389   
390   
391   
392   
393   
394   
395   
396   
397   
398   
399   
400   
401   
402   
403   
404   
405   
406   
407   
408   
409   
410   
411   
412   
413   
414   
415   
416   
417   
418   
419   
420   
421   
422   
423   
424   
425   
426   
427   
428   
429   
430   
431   
432   
433   
434   
435   
436   
437   
438   
439   
440   
441   
442   
443   
444   
445   
446   
447   
448   
449   35 
450   
451   
452   36 
453   40 
454   
455   37 
456   41 45 70 
457   
458   38 
459   38 42 46 71 75 
460   50 
461   
462   
463   
464   
465   
466   
467   
468   
469   
470   
471   
472   
473   
474   
475   
476   
477   
478   
479   
480   
481   
482   
483   
484   
485   
486   
487   
488   
489   
490   
491   
492   
493   
494   
495   
496   
497   
498   
499   
500   
501   
502   
503   
504   
505   
506   
507   
508   
509   
510   
511   
512   
513   
514   
515   
516   
517   
518   
519   
520   
521   
522   
523   
524   
525   
526   
527   
528   
529   35 
530   
531   36 
532   
533   40 
534   37 
535   41 70 
536   45 
537   38 
538   38 42 71 
539   42 46 50 71 75 
540   
541   
542   39 43 72 
543   
544   
545   
546   
547   
548   
549   
550   
551   
552   
553   
554   
555   
556   
557   
558   
559   
560   
561   
562   
563   
564   
565   
566   
567   
568   
569   
570   
571   
572   
573   
574   
575   
576   
577   
578   
579   
580   
581   
582   
583   
584   
585   
586   
587   
588   
589   
590   
591   
592   
593   
594   
595   
596   
597   
598   
599   
600   
601   
602   
603   
604   
605   
606   
607   
608   
609   35 
610   
611   36 
612   40 
613   
614   37 
615   41 70 
616   38 45 
617   
618   42 46 71 
619   46 50 75 
620   39 
621   39 43 72 
622   47 76 105 
623   51 55 80 
624   
625   
626   
627   
628   
629   
630   
631   
632   
633   
634   
635   
636   
637   
638   
639   
640   
641   
642   
643   
644   
645   
646   
647   
648   
649   
650   
651   
652   
653   
654   
655   
656   
657   
658   
659   
660   
661   
662   
663   
664   
665   
666   
667   
668   
669   
670   
671   
672   
673   
674   
675   
676   
677   
678   
679   
680   
681   
682   
683   
684   
685   
686   
687   
688   
689   35 
690   
691   36 
692   40 
693   37 
694   41 
695   38 41 45 70 
696   38 
697   42 
698   46 71 
699   39 50 75 
700   39 43 72 
701   43 47 72 76 105 
702   51 80 105 
703   55 
704   
705   44 73 
706   
707   
708   
709   
710   
711   
712   
713   
714   
715   
716   
717   
718   
719   
720   
721   
722   
723   
724   
725   
726   
727   
728   
729   
730   
731   
732   
733   
734   
735   
736   
737   
738   
739   
740   
741   
742   
743   
744   
745   
746   
747   
748   
749   
750   
751   
752   
753   
754   
755   
756   
757   
758   
759   
760   
761   
762   
763   
764   
765   
766   
767   
768   
769   35 
770   
771   36 
772   37 40 
773   
774   41 
775   38 45 70 
776   42 
777   39 42 71 
778   39 46 75 
779   43 50 
780   72 
781   47 51 76 105 
782   51 55 80 
783   
784   44 48 73 77 106 
785   48 52 56 77 81 85 106 110 
786   60 
787   
788   
789   
790   
791   
792   
793   
794   
795   
796   
797   
798   
799   
800   
801   
802   
803   
804   
805   
806   
807   
808   
809   
810   
811   
812   
813   
814   
815   
816   
817   
818   
819   
820   
821   
822   
823   
824   
825   
826   
827   
828   
829   
830   
831   
832   
833   
834   
835   
836   
837   
838   
839   
840   
841   
842   
843   
844   
845   
846   
847   
848   
849   35 
850   
851   36 
852   37 40 
853   
854   38 41 70 
855   45 
856   42 71 
857   39 46 71 
858   43 50 75 
859   43 72 
860   47 76 
861   51 80 105 
862   44 55 
863   44 48 73 
864   52 77 81 106 
865   52 56 60 81 85 110 
866   
867   
868   
869   
870   
871   
872   
873   
874   
875   
876   
877   
878   
879   
880   
881   
882   
883   
884   
885   
886   
887   
888   
889   
890   
891   
892   
893   
894   
895   
896   
897   
898   
899   
900   
901   
902   
903   
904   
905   
906   
907   
908   
909   
910   
911   
912   
913   
914   
915   
916   
917   
918   
919   
920   
921   
922   
923   
924   
925   
926   
927   
928   
929   35 
930   36 
931   
932   37 40 
933   38 41 
934   70 
935   39 42 45 
936   39 71 
937   46 75 
938   43 50 72 
939   47 
940   44 51 76 105 
941   44 73 80 
942   48 55 73 77 
943   52 77 106 
944   56 81 110 
945   60 74 85 
946   74 
947   49 74 78 107 
948   53 57 82 86 111 115 140 
949   
950   
951   
952   
953   
954   
955   
956   
957   
958   
959   
960   
961   
962   
963   
964   
965   
966   
967   
968   
969   
970   
971   
972   
973   
974   
975   
976   
977   
978   
979   
980   
981   
982   
983   
984   
985   
986   
987   
988   
989   
990   
991   
992   
993   
994   
995   
996   
997   
998   
999   
1000   
1001   
1002   
1003   
1004   
1005   
1006   
1007   
1008   
1009   35 
1010   36 
1011   37 
1012   40 
1013   38 41 
1014   39 42 70 
1015   45 
1016   43 46 71 
1017   43 72 75 
1018   50 
1019   44 47 76 
1020   51 73 80 105 
1021   48 55 73 
1022   52 77 106 
1023   52 81 106 110 
1024   56 74 85 
1025   49 60 74 78 
1026   49 53 78 82 107 
1027   53 57 82 86 111 115 140 
1028   61 65 90 
1029   
1030   
1031   
1032   
1033   
1034   
1035   
1036   
1037   
1038   
1039   
1040   
1041   
1042   
1043   
1044   
1045   
1046   
1047   
1048   
1049   
1050   
1051   
1052   
1053   
1054   
1055   
1056   
1057   
1058   
1059   
1060   
1061   
1062   
1063   
1064   
1065   
1066   
1067   
1068   
1069   
1070   
1071   
1072   
1073   
1074   
1075   
1076   
1077   
1078   
1079   
1080   
1081   
1082   
1083   
1084   
1085   
1086   
1087   
1088   
1089   35 
1090   36 
1091   37 40 
1092   38 41 
1093   39 41 
1094   39 42 45 70 
1095   71 
1096   43 46 
1097   50 72 75 
1098   44 47 
1099   51 73 76 105 
1100   48 51 80 
1101   55 77 
1102   52 74 81 106 
1103   49 56 74 81 85 110 
1104   49 60 78 85 
1105   53 107 
1106   53 57 82 86 111 140 
1107   57 61 86 90 115 
1108   65 
1109   
1110   79 108 141 
1111   
1112   
1113   
1114   
1115   
1116   
1117   
1118   
1119   
1120   
1121   
1122   
1123   
1124   
1125   
1126   
1127   
1128   
1129   
1130   
1131   
1132   
1133   
1134   
1135   
1136   
1137   
1138   
1139   
1140   
1141   
1142   
1143   
1144   
1145   
1146   
1147   
1148   
1149   
1150   
1151   
1152   
1153   
1154   
1155   
1156   
1157   
1158   
1159   
1160   
1161   
1162   
1163   
1164   
1165   
1166   
1167   
1168   
1169   35 36 
1170   37 
1171   38 40 
1172   39 41 
1173   39 70 
1174   42 45 
1175   43 46 71 
1176   44 72 75 
1177   44 47 50 
1178   73 76 
1179   48 51 105 
1180   52 55 74 77 80 
1181   52 74 106 
1182   49 78 81 110 
1183   49 53 56 78 85 107 
1184   53 60 78 82 107 
1185   57 82 111 140 
1186   86 115 140 
1187   61 65 79 90 108 
1188   54 65 79 108 
1189   54 58 79 83 87 108 112 116 141 
1190   54 58 62 83 87 91 112 116 120 145 
1191   66 95 
1192   
1193   
1194   
1195   
1196   
1197   
1198   
1199   
1200   
1201   
1202   
1203   
1204   
1205   
1206   
1207   
1208   
1209   
1210   
1211   
1212   
1213   
1214   
1215   
1216   
1217   
1218   
1219   
1220   
1221   
1222   
1223   
1224   
1225   
1226   
1227   
1228   
1229   
1230   
1231   
1232   
1233   
1234   
1235   
1236   
1237   
1238   
1239   
1240   
1241   
1242   
1243   
1244   
1245   
1246   
1247   
1248   
1249   35 36 
1250   37 
1251   38 39 40 
1252   41 
1253   42 70 
1254   43 45 71 
1255   44 46 
1256   44 47 72 75 
1257   48 50 73 76 
1258   48 51 74 76 
1259   74 77 80 105 
1260   49 52 55 106 
1261   49 78 81 106 
1262   56 85 110 
1263   53 60 82 107 
1264   57 82 111 
1265   57 61 79 86 111 115 140 
1266   54 61 79 90 108 115 
1267   54 65 83 
1268   58 83 112 141 
1269   58 62 87 116 145 
1270   62 66 91 95 120 
1271   
1272   
1273   
1274   
1275   
1276   
1277   
1278   
1279   
1280   
1281   
1282   
1283   
1284   
1285   
1286   
1287   
1288   
1289   
1290   
1291   
1292   
1293   
1294   
1295   
1296   
1297   
1298   
1299   
1300   
1301   
1302   
1303   
1304   
1305   
1306   
1307   
1308   
1309   
1310   
1311   
1312   
1313   
1314   
1315   
1316   
1317   
1318   
1319   
1320   
1321   
1322   
1323   
1324   
1325   
1326   
1327   
1328   35 
1329   36 
1330   37 38 
1331   39 40 
1332   41 42 
1333   43 45 70 
1334   44 45 71 72 
1335   46 47 72 
1336   50 73 75 
1337   48 51 74 76 
1338   49 51 74 77 105 
1339   49 52 55 80 
1340   78 81 106 
1341   53 56 81 110 
1342   53 82 85 107 
1343   60 79 111 
1344   57 79 86 108 140 
1345   54 61 83 86 90 108 115 
1346   54 58 65 83 90 112 
1347   58 87 112 141 
1348   62 87 116 145 
1349   66 91 95 120 
1350   109 
1351   84 109 
1352   59 84 88 109 113 117 142 146 175 
1353   
1354   
1355   
1356   
1357   
1358   
1359   
1360   
1361   
1362   
1363   
1364   
1365   
1366   
1367   
1368   
1369   
1370   
1371   
1372   
1373   
1374   
1375   
1376   
1377   
1378   
1379   
1380   
1381   
1382   
1383   
1384   
1385   
1386   
1387   
1388   
1389   
1390   
1391   
1392   
1393   
1394   
1395   
1396   
1397   
1398   
1399   
1400   
1401   
1402   
1403   
1404   
1405   
1406   
1407   
1408   35 
1409   36 37 38 
1410   39 
1411   40 41 
1412   42 43 70 
1413   44 45 70 71 
1414   44 46 72 
1415   47 73 75 
1416   48 50 74 76 
1417   49 51 77 105 
1418   49 52 77 80 105 
1419   52 55 78 81 106 
1420   53 107 110 
1421   56 79 82 107 110 
1422   54 57 60 79 82 85 111 
1423   54 57 86 108 111 
1424   54 83 115 140 
1425   58 61 90 112 
1426   58 65 87 112 141 
1427   62 87 109 116 
1428   62 66 84 91 109 120 145 
1429   84 95 109 
1430   59 84 88 113 142 
1431   59 88 113 117 142 146 175 
1432   63 92 121 150 
1433   67 96 100 125 
1434   
1435   
1436   
1437   
1438   
1439   
1440   
1441   
1442   
1443   
1444   
1445   
1446   
1447   
1448   
1449   
1450   
1451   
1452   
1453   
1454   
1455   
1456   
1457   
1458   
1459   
1460   
1461   
1462   
1463   
1464   
1465   
1466   
1467   
1468   
1469   
1470   
1471   
1472   
1473   
1474   
1475   
1476   
1477   
1478   
1479   
1480   
1481   
1482   
1483   
1484   
1485   
1486   
1487   
1488   35 36 
1489   37 38 39 
1490   40 
1491   41 42 43 
1492   43 44 70 
1493   45 46 71 
1494   47 72 73 
1495   48 50 74 75 76 
1496   49 50 51 76 
1497   77 78 105 
1498   52 53 55 78 80 106 
1499   53 79 81 
1500   56 79 82 107 110 
1501   54 85 108 
1502   57 60 83 108 111 
1503   58 83 86 140 
1504   58 61 90 109 112 115 
1505   65 87 109 141 
1506   62 84 109 116 145 
1507   66 84 91 113 120 145 
1508   59 66 95 113 142 
1509   59 88 113 117 142 
1510   63 88 92 117 146 
1511   63 67 92 96 121 146 150 175 
1512   67 96 100 125 
1513   
1514   
1515   
1516   
1517   
1518   
1519   
1520   
1521   
1522   
1523   
1524   
1525   
1526   
1527   
1528   
1529   
1530   
1531   
1532   
1533   
1534   
1535   
1536   
1537   
1538   
1539   
1540   
1541   
1542   
1543   
1544   
1545   
1546   
1547   
1548   
1549   
1550   
1551   
1552   
1553   
1554   
1555   
1556   
1557   
1558   
1559   
1560   
1561   
1562   
1563   
1564   
1565   
1566   
1567   
1568   35 36 37 
1569   38 39 
1570   40 
1571   41 42 43 44 
1572   44 45 70 71 
1573   46 47 72 73 
1574   48 73 74 75 
1575   49 50 75 76 
1576   51 77 105 
1577   52 78 79 80 106 
1578   53 55 79 81 107 
1579   54 56 82 107 
1580   54 85 108 110 
1581   57 60 83 109 111 
1582   86 109 140 
1583   58 61 109 112 115 
1584   84 87 90 141 
1585   59 62 65 84 87 113 116 141 
1586   59 88 91 113 120 145 
1587   59 66 88 120 142 
1588   63 88 95 117 
1589   63 92 146 175 
1590   67 121 150 175 
1591   67 96 100 125 
1592   100 114 
1593   114 143 
1594   89 114 118 122 143 147 151 176 180 
1595   
1596   
1597   
1598   
1599   
1600   
1601   
1602   
1603   
1604   
1605   
1606   
1607   
1608   
1609   
1610   
1611   
1612   
1613   
1614   
1615   
1616   
1617   
1618   
1619   
1620   
1621   
1622   
1623   
1624   
1625   
1626   
1627   
1628   
1629   
1630   
1631   
1632   
1633   
1634   
1635   
1636   
1637   
1638   
1639   
1640   
1641   
1642   
1643   
1644   
1645   
1646   
1647   
1648   35 36 37 38 39 
1649   
1650   40 41 42 43 
1651   44 
1652   45 70 71 72 
1653   46 47 48 73 74 
1654   49 75 76 
1655   50 51 77 78 
1656   51 52 53 78 105 
1657   53 54 79 80 81 106 
1658   54 55 56 82 107 
1659   56 57 82 83 108 109 110 
1660   57 83 85 109 111 
1661   58 60 86 109 140 
1662   58 61 84 87 112 115 
1663   59 84 87 90 141 
1664   59 62 65 113 116 
1665   88 91 113 142 145 
1666   63 66 88 117 120 142 
1667   63 92 95 114 117 
1668   92 114 121 146 
1669   67 96 114 121 143 150 175 
1670   89 96 114 125 143 150 
1671   64 89 100 114 118 143 
1672   64 89 93 118 122 143 147 176 
1673   64 68 89 93 97 118 122 147 151 176 180 
1674   64 68 93 97 101 126 130 155 
1675   
1676   
1677   
1678   
1679   
1680   
1681   
1682   
1683   
1684   
1685   
1686   
1687   
1688   
1689   
1690   
1691   
1692   
1693   
1694   
1695   
1696   
1697   
1698   
1699   
1700   
1701   
1702   
1703   
1704   
1705   
1706   
1707   
1708   
1709   
1710   
1711   
1712   
1713   
1714   
1715   
1716   
1717   
1718   
1719   
1720   
1721   
1722   
1723   
1724   
1725   
1726   
1727   
1728   35 36 37 38 39 
1729   
1730   40 41 42 43 44 
1731   70 71 
1732   45 46 47 48 71 72 73 74 
1733   47 48 49 
1734   50 75 76 
1735   51 52 53 77 78 79 
1736   53 54 79 80 105 106 107 
1737   54 55 81 82 107 108 
1738   56 83 108 109 110 
1739   57 83 84 85 111 
1740   58 60 84 86 112 
1741   59 61 84 86 87 112 140 
1742   59 62 87 90 113 115 141 
1743   62 65 88 90 113 116 141 
1744   63 65 88 91 142 145 
1745   63 66 114 117 120 145 
1746   92 95 114 117 143 146 
1747   89 143 146 175 
1748   67 89 96 121 143 150 175 
1749   64 89 96 118 125 143 
1750   64 93 100 118 147 
1751   68 93 118 122 147 176 
1752   68 93 97 122 126 151 176 180 
1753   68 97 101 126 151 155 180 
1754   101 130 
1755   
1756   
1757   
1758   
1759   
1760   
1761   
1762   
1763   
1764   
1765   
1766   
1767   
1768   
1769   
1770   
1771   
1772   
1773   
1774   
1775   
1776   
1777   
1778   
1779   
1780   
1781   
1782   
1783   
1784   
1785   
1786   
1787   
1788   
1789   
1790   
1791   
1792   
1793   
1794   
1795   
1796   
1797   
1798   
1799   
1800   
1801   
1802   
1803   
1804   
1805   
1806   
1807   36 38 39 
1808   35 37 
1809   40 41 42 43 44 
1810   43 44 
1811   45 46 70 71 72 73 74 
1812   47 48 49 
1813   75 77 
1814   50 51 52 53 54 76 77 78 79 
1815   54 79 80 105 106 
1816   55 56 80 81 82 107 108 
1817   55 56 57 82 83 84 109 110 
1818   57 58 84 85 110 111 
1819   58 59 60 85 86 111 112 
1820   59 60 61 87 112 113 140 
1821   61 62 113 115 141 
1822   62 88 90 114 116 142 
1823   63 65 88 91 114 116 117 142 145 
1824   63 66 89 91 114 117 120 143 
1825   89 92 95 120 143 146 
1826   64 67 89 118 121 146 
1827   64 67 96 118 121 150 175 
1828   64 93 118 125 147 150 
1829   68 93 100 147 176 
1830   68 97 100 122 144 151 176 
1831   97 126 144 151 180 
1832   144 155 
1833   101 130 144 
1834   119 144 
1835   119 144 148 177 
1836   0 94 119 123 148 152 177 181 
1837   
1838   
1839   
1840   
1841   
1842   
1843   
1844   
1845   
1846   
1847   
1848   
1849   
1850   
1851   
1852   
1853   
1854   
1855   
1856   
1857   
1858   
1859   
1860   
1861   
1862   
1863   
1864   
1865   
1866   
1867   
1868   
1869   
1870   
1871   
1872   
1873   
1874   
1875   
1876   
1877   
1878   
1879   
1880   
1881   
1882   
1883   
1884   
1885   
1886   
1887   35 36 37 38 39 
1888   
1889   40 41 42 43 44 
1890   
1891   45 46 47 48 49 70 71 72 73 74 
1892   
1893   50 51 52 53 54 75 76 77 78 79 
1894   52 53 54 105 
1895   80 81 105 106 107 108 109 
1896   55 56 57 82 83 84 108 109 
1897   57 58 59 83 84 110 
1898   59 60 85 86 111 112 
1899   61 86 87 88 113 140 
1900   62 88 114 115 141 
1901   63 88 89 90 114 116 141 142 
1902   63 65 89 91 143 
1903   64 66 89 117 120 143 145 
1904   64 67 92 95 118 146 
1905   64 67 95 118 121 144 175 
1906   93 96 118 121 144 147 150 175 
1907   68 93 96 122 125 144 147 
1908   68 100 122 125 144 147 176 
1909   68 97 119 122 144 151 176 
1910   97 119 126 148 151 180 
1911   101 119 126 148 155 
1912   94 101 119 130 148 177 
1913   94 119 123 148 152 177 
1914   69 94 98 123 148 152 177 181 
1915   0 69 94 98 123 127 152 156 181 185 
1916   69 98 102 127 131 135 156 160 185 
1917   
1918   
1919   
1920   
1921   
1922   
1923   
1924   
1925   
1926   
1927   
1928   
1929   
1930   
1931   
1932   
1933   
1934   
1935   
1936   
1937   
1938   
1939   
1940   
1941   
1942   
1943   
1944   
1945   
1946   
1947   
1948   
1949   
1950   
1951   
1952   
1953   
1954   
1955   
1956   
1957   
1958   
1959   
1960   
1961   
1962   
1963   
1964   
1965   
1966   
1967   35 36 37 38 39 
1968   42 43 44 
1969   40 41 
1970   45 46 47 48 49 70 71 72 73 74 
1971   47 48 49 72 
1972   50 54 75 76 77 78 79 
1973   51 52 53 78 79 
1974   80 81 82 105 106 107 109 
1975   55 56 57 58 81 82 83 84 108 109 
1976   58 59 111 
1977   59 60 85 110 111 112 113 
1978   60 61 62 86 87 88 112 113 114 
1979   61 62 88 89 114 115 140 141 
1980   63 64 89 90 116 142 
1981   63 64 65 89 91 117 143 145 
1982   64 66 92 117 118 143 144 145 
1983   67 92 93 118 120 144 146 
1984   93 95 121 144 175 
1985   68 93 96 119 122 147 150 
1986   68 119 122 125 150 176 
1987   94 119 151 176 
1988   94 97 100 119 148 151 
1989   94 126 148 155 180 
1990   69 94 101 123 155 177 
1991   69 94 98 101 123 130 152 177 
1992   69 98 123 152 181 
1993   0 69 98 127 181 
1994   0 102 127 131 156 160 185 
1995   102 131 135 160 
1996   
1997   
1998   
1999   
2000   
2001   
2002   
2003   
2004   
2005   
2006   
2007   
2008   
2009   
2010   
2011   
2012   
2013   
2014   
2015   
2016   
2017   
2018   
2019   
2020   
2021   
2022   
2023   
2024   
2025   
2026   
2027   
2028   
2029   
2030   
2031   
2032   
2033   
2034   
2035   
2036   
2037   
2038   
2039   
2040   
2041   
2042   
2043   
2044   
2045   
2046   
2047   35 36 37 38 39 
2048   40 41 42 43 44 
2049   
2050   45 46 47 48 49 70 71 72 73 74 
2051   52 53 54 75 77 
2052   50 51 52 53 54 75 76 77 78 79 
2053   80 105 106 108 
2054   55 56 57 58 59 80 81 82 83 84 107 108 109 
2055   57 58 59 
2056   85 86 87 110 111 112 113 114 
2057   60 61 62 63 85 86 87 88 89 114 
2058   63 64 89 115 140 141 
2059   63 64 90 115 116 117 141 142 143 
2060   64 65 66 91 117 118 143 144 
2061   66 67 92 118 119 144 145 
2062   67 93 95 119 120 146 
2063   67 68 94 95 119 121 147 
2064   68 94 96 119 122 147 148 150 175 
2065   94 97 122 125 148 176 
2066   69 94 97 100 125 148 151 176 
2067   69 97 100 123 126 148 151 177 
2068   69 123 126 177 180 
2069   69 98 101 123 152 155 177 
2070   98 130 152 
2071   98 127 149 152 181 
2072   0 102 127 149 156 181 
2073   102 131 149 156 185 
2074   131 135 149 160 
2075   135 149 178 
2076   149 178 
2077   1 149 178 182 
2078   
2079   
2080   
2081   
2082   
2083   
2084   
2085   
2086   
2087   
2088   
2089   
2090   
2091   
2092   
2093   
2094   
2095   
2096   
2097   
2098   
2099   
2100   
2101   
2102   
2103   
2104   
2105   
2106   
2107   
2108   
2109   
2110   
2111   
2112   
2113   
2114   
2115   
2116   
2117   
2118   
2119   
2120   
2121   
2122   
2123   
2124   
2125   
2126   37 38 39 
2127   35 36 44 
2128   40 41 42 43 44 
2129   46 47 48 49 72 73 74 
2130   45 70 71 
2131   50 51 52 53 54 75 76 77 78 79 
2132   58 
2133   55 56 57 58 59 80 81 82 83 84 105 106 107 108 109 
2134   59 
2135   60 61 86 87 88 110 111 112 113 114 
2136   60 61 62 63 64 85 86 87 88 89 112 
2137   62 64 115 140 142 
2138   90 91 92 116 117 118 141 142 143 144 
2139   65 66 91 92 93 118 119 144 
2140   66 67 92 93 119 145 146 
2141   68 93 94 120 121 146 147 
2142   68 69 94 95 121 147 148 175 
2143   69 94 96 122 148 150 175 176 
2144   69 97 123 125 150 151 176 
2145   69 100 123 149 151 
2146   98 100 123 126 149 177 
2147   98 101 149 152 155 180 
2148   98 101 149 152 155 
2149   124 127 130 149 178 181 
2150   0 124 127 149 156 178 181 
2151   0 102 124 156 178 185 
2152   124 131 153 160 178 185 
2153   99 124 135 153 160 178 
2154   99 124 153 178 182 
2155   1 99 124 128 153 182 
2156   1 5 99 103 124 128 153 157 182 186 
2157   5 99 103 124 128 132 136 153 157 161 165 186 190 
2158   
2159   
2160   
2161   
2162   
2163   
2164   
2165   
2166   
2167   
2168   
2169   
2170   
2171   
2172   
2173   
2174   
2175   
2176   
2177   
2178   
2179   
2180   
2181   
2182   
2183   
2184   
2185   
2186   
2187   
2188   
2189   
2190   
2191   
2192   
2193   
2194   
2195   
2196   
2197   
2198   
2199   
2200   
2201   
2202   
2203   
2204   
2205   
2206   36 37 38 39 
2207   35 41 42 43 44 
2208   40 47 48 49 
2209   45 46 47 54 70 71 72 73 74 
2210   50 51 52 53 54 76 77 78 79 
2211   59 75 
2212   55 56 57 58 59 80 81 82 83 84 105 106 107 108 109 
2213   81 
2214   60 61 62 63 64 85 86 87 88 89 110 111 112 113 114 
2215   60 61 62 63 64 85 89 111 
2216   115 140 141 143 
2217   90 91 92 115 116 117 118 119 141 142 143 144 
2218   65 66 67 68 91 92 93 94 118 119 
2219   67 68 69 94 119 145 
2220   68 69 94 95 120 121 122 146 147 148 
2221   69 95 96 121 122 147 148 149 
2222   69 96 97 122 123 149 150 175 
2223   97 98 123 125 149 151 176 177 
2224   98 123 124 125 126 149 151 177 
2225   98 100 124 126 152 177 180 
2226   98 101 124 127 152 178 180 
2227   99 124 127 130 155 178 181 
2228   99 102 124 127 130 153 178 181 
2229   0 99 102 153 156 
2230   99 102 131 153 156 185 
2231   99 128 131 153 160 182 
2232   99 128 135 153 160 182 
2233   1 128 135 157 182 
2234   1 103 128 157 186 
2235   5 103 132 157 161 186 
2236   132 136 161 190 
2237   165 
2238   
2239   
2240   
2241   
2242   
2243   
2244   
2245   
2246   
2247   
2248   
2249   
2250   
2251   
2252   
2253   
2254   
2255   
2256   
2257   
2258   
2259   
2260   
2261   
2262   
2263   
2264   
2265   
2266   
2267   
2268   
2269   
2270   
2271   
2272   
2273   
2274   
2275   
2276   
2277   
2278   
2279   
2280   
2281   
2282   
2283   
2284   
2285   
2286   35 36 37 38 39 
2287   40 41 42 43 44 
2288   45 46 47 48 49 73 74 
2289   50 51 52 53 54 70 71 72 
2290   50 58 59 75 76 77 78 79 
2291   55 56 57 58 59 80 81 82 83 84 108 109 
2292   64 80 105 106 107 108 
2293   60 61 62 63 64 85 86 87 88 89 110 112 113 114 
2294   62 64 85 86 87 110 111 112 
2295   67 90 91 92 117 118 119 142 143 144 
2296   65 66 67 68 69 90 91 92 93 94 115 116 117 118 119 140 141 142 143 144 
2297   65 66 67 68 69 93 94 
2298   68 69 120 121 145 146 147 148 
2299   95 120 121 122 123 146 147 148 149 
2300   95 96 97 98 123 124 148 149 175 
2301   96 97 98 123 124 150 175 176 
2302   98 99 124 125 150 151 176 177 178 
2303   99 100 124 126 152 177 178 
2304   99 100 101 126 127 152 178 179 180 
2305   99 101 127 153 155 178 179 180 181 
2306   99 102 153 155 179 181 
2307   102 128 130 153 156 179 
2308   0 128 156 179 182 
2309   103 128 131 160 179 182 185 
2310   1 103 128 157 160 179 182 
2311   1 103 135 157 179 
2312   1 103 132 157 179 186 
2313   5 103 132 161 179 186 
2314   5 132 136 161 179 190 
2315   136 165 179 190 
2316   136 165 179 
2317   179 
2318   179 
2319   
2320   
2321   
2322   
2323   
2324   
2325   
2326   
2327   
2328   
2329   
2330   
2331   
2332   
2333   
2334   
2335   
2336   
2337   
2338   
2339   
2340   
2341   
2342   
2343   
2344   
2345   
2346   
2347   
2348   
2349   
2350   
2351   
2352   
2353   
2354   
2355   
2356   
2357   
2358   
2359   
2360   
2361   
2362   
2363   
2364   
2365   
2366   35 36 37 38 39 42 43 44 
2367   40 41 42 45 46 47 48 49 
2368   45 51 52 53 54 70 71 72 73 74 
2369   50 51 56 57 58 59 75 76 77 78 79 
2370   55 56 57 58 81 82 83 84 
2371   60 61 62 63 64 80 81 89 105 106 107 108 109 
2372   60 61 62 63 85 86 87 88 89 111 112 113 114 
2373   68 69 94 110 111 113 114 
2374   65 66 67 68 69 90 91 92 93 94 115 117 118 119 140 141 143 144 
2375   65 66 67 68 69 90 91 92 93 94 115 116 117 118 119 140 141 142 
2376   
2377   95 96 120 121 122 123 145 146 147 148 149 
2378   95 96 97 98 99 120 121 122 123 124 145 147 149 
2379   96 97 98 99 123 124 
2380   99 150 151 175 176 177 
2381   99 125 126 151 152 153 177 178 179 
2382   100 125 126 127 152 153 178 179 
2383   101 102 127 153 154 179 180 
2384   102 127 128 153 154 155 181 
2385   102 128 130 154 156 182 
2386   0 103 128 130 131 154 156 182 
2387   0 103 128 131 154 157 182 185 
2388   103 131 154 157 182 185 
2389   1 129 154 157 160 
2390   129 132 135 154 157 183 186 
2391   5 129 132 154 183 186 
2392   5 129 154 161 183 190 
2393   129 136 154 165 183 190 
2394   2 129 154 158 165 183 
2395   2 129 154 158 183 
2396   2 129 154 158 183 187 
2397   2 6 104 129 154 158 183 187 210 
2398   2 6 10 104 129 133 154 158 162 183 187 191 210 
2399   
2400   
2401   
2402   
2403   
2404   
2405   
2406   
2407   
2408   
2409   
2410   
2411   
2412   
2413   
2414   
2415   
2416   
2417   
2418   
2419   
2420   
2421   
2422   
2423   
2424   
2425   
2426   
2427   
2428   
2429   
2430   
2431   
2432   
2433   
2434   
2435   
2436   
2437   
2438   
2439   
2440   
2441   
2442   
2443   
2444   
2445   
2446   35 36 37 38 39 40 41 42 43 44 48 49 
2447   45 46 47 48 49 50 51 52 53 54 72 
2448   50 57 58 59 70 71 72 73 74 79 
2449   55 56 57 59 60 61 62 63 64 75 76 77 78 79 80 82 83 84 
2450   60 61 62 63 64 80 81 82 83 88 89 106 107 108 109 
2451   67 68 69 85 86 87 88 89 105 107 112 113 114 
2452   65 66 67 68 69 85 92 93 94 110 111 112 
2453   65 66 67 90 91 92 93 116 117 118 119 142 144 
2454   115 116 140 141 142 143 144 
2455   98 99 124 146 149 
2456   95 96 97 98 99 120 121 122 123 124 145 146 147 148 149 
2457   95 96 97 98 99 124 
2458   175 176 178 179 
2459   125 150 151 152 153 154 175 176 177 178 179 
2460   100 101 125 126 127 128 152 153 154 178 179 
2461   100 101 102 127 128 129 154 180 
2462   101 102 103 128 129 154 155 180 181 
2463   103 128 129 155 156 181 182 
2464   0 103 104 129 130 156 182 
2465   0 103 104 129 130 131 157 183 
2466   1 104 129 132 157 183 185 
2467   1 104 129 132 160 183 185 
2468   1 104 129 132 158 160 183 186 
2469   2 104 132 135 158 161 183 186 
2470   2 5 104 158 161 
2471   2 104 136 158 161 190 
2472   2 104 133 136 158 165 187 190 
2473   2 104 133 158 165 187 
2474   104 133 187 
2475   6 104 133 162 187 210 
2476   6 10 104 133 137 162 187 191 210 
2477   10 133 137 162 166 191 195 
2478   137 166 170 195 
2479   
2480   
2481   
2482   
2483   
2484   
2485   
2486   
2487   
2488   
2489   
2490   
2491   
2492   
2493   
2494   
2495   
2496   
2497   
2498   
2499   
2500   
2501   
2502   
2503   
2504   
2505   
2506   
2507   
2508   
2509   
2510   
2511   
2512   
2513   
2514   
2515   
2516   
2517   
2518   
2519   
2520   
2521   
2522   
2523   
2524   
2525   35 36 37 38 39 
2526   40 41 42 43 44 45 46 47 48 49 51 52 53 54 
2527   50 51 52 53 54 55 56 57 58 59 70 71 72 73 74 
2528   55 56 58 60 61 62 63 64 69 70 75 76 77 78 79 81 83 84 
2529   60 65 66 67 68 69 80 81 82 89 109 
2530   65 66 67 68 69 85 86 87 88 94 105 106 107 108 109 111 113 114 
2531   65 66 90 91 92 93 94 110 111 112 113 114 
2532   90 91 92 99 115 116 117 118 119 143 144 
2533   95 96 97 98 99 115 116 117 122 123 124 140 141 142 143 
2534   95 96 97 98 99 121 122 123 124 147 148 149 
2535   95 96 97 120 121 122 123 145 146 147 148 
2536   129 154 
2537   102 104 125 126 127 128 129 150 151 152 153 154 175 176 177 178 179 
2538   100 101 102 103 104 125 126 127 128 129 150 151 152 153 154 175 177 179 
2539   100 101 102 103 104 126 127 128 129 
2540   102 103 104 129 180 
2541   103 104 130 155 156 180 181 182 183 
2542   104 130 131 155 156 157 182 183 184 
2543   0 104 130 131 157 183 184 
2544   0 1 131 132 157 158 183 184 185 
2545   1 132 158 184 185 186 
2546   2 133 158 160 184 186 
2547   2 133 135 158 184 186 
2548   2 5 133 135 161 184 187 
2549   5 133 136 184 187 190 
2550   133 136 184 187 190 
2551   6 133 136 162 165 184 187 
2552   6 162 184 
2553   6 137 162 184 191 
2554   6 137 162 184 191 210 
2555   10 137 166 184 191 
2556   10 137 166 195 
2557   170 195 
2558   170 
2559   
2560   
2561   
2562   
2563   
2564   
2565   
2566   
2567   
2568   
2569   
2570   
2571   
2572   
2573   
2574   
2575   
2576   
2577   
2578   
2579   
2580   
2581   
2582   
2583   
2584   
2585   
2586   
2587   
2588   
2589   
2590   
2591   
2592   
2593   
2594   
2595   
2596   
2597   
2598   
2599   
2600   
2601   
2602   
2603   
2604   
2605   35 36 37 38 39 40 41 42 43 44 45 46 47 48 49 
2606   40 50 51 52 53 54 55 56 57 58 59 60 61 64 
2607   55 56 57 60 61 62 63 64 65 66 67 68 69 70 71 72 73 74 75 76 77 78 79 82 83 84 
2608   65 66 67 68 69 80 81 82 83 84 85 86 87 88 89 108 
2609   67 85 86 87 88 89 90 91 92 93 94 105 106 107 108 109 112 113 114 
2610   90 91 92 93 94 97 98 99 105 110 111 112 
2611   95 96 97 98 99 115 116 117 118 119 124 142 
2612   95 96 97 98 104 115 120 122 123 124 140 141 142 143 144 
2613   95 103 104 120 121 129 146 147 148 149 
2614   100 101 102 103 104 120 128 129 145 146 148 149 
2615   100 101 102 103 104 126 127 128 129 151 153 154 179 
2616   100 101 102 103 104 125 126 127 128 129 150 151 152 153 175 176 177 178 179 
2617   100 101 103 126 150 176 
2618   
2619   155 156 159 180 181 182 183 184 
2620   130 131 132 155 156 157 158 159 181 182 183 184 
2621   130 131 132 133 157 158 159 184 
2622   0 1 132 133 158 159 
2623   1 2 132 133 134 158 159 185 186 
2624   1 2 133 134 159 160 186 
2625   2 3 133 134 135 159 160 161 186 187 
2626   3 5 134 135 159 161 187 
2627   3 5 134 136 159 161 187 
2628   3 6 134 136 159 162 187 190 
2629   3 6 134 159 162 165 
2630   3 6 134 137 159 162 165 
2631   3 134 137 159 162 188 191 210 
2632   3 10 134 137 159 188 191 210 
2633   3 10 134 159 166 188 195 210 
2634   3 10 134 159 166 188 195 
2635   3 134 159 170 188 195 
2636   3 159 170 184 188 
2637   3 7 159 184 188 
2638   3 7 159 184 188 211 
2639   3 7 159 184 188 211 215 
2640   
2641   
2642   
2643   
2644   
2645   
2646   
2647   
2648   
2649   
2650   
2651   
2652   
2653   
2654   
2655   
2656   
2657   
2658   
2659   
2660   
2661   
2662   
2663   
2664   
2665   
2666   
2667   
2668   
2669   
2670   
2671   
2672   
2673   
2674   
2675   
2676   
2677   
2678   
2679   
2680   
2681   
2682   
2683   
2684   35 36 37 38 39 42 43 44 
2685   35 37 38 40 41 42 43 44 45 46 47 48 49 50 51 52 53 54 55 56 57 58 59 60 61 62 63 64 66 67 69 
2686   62 63 64 65 66 67 68 69 70 71 72 73 74 75 76 77 
2687   75 78 79 80 81 82 83 84 85 86 87 88 89 99 
2688   85 86 87 88 90 91 92 93 94 95 96 97 98 99 106 107 108 109 113 114 
2689   90 91 95 96 97 98 99 100 101 102 103 104 105 110 111 112 113 114 117 118 119 
2690   95 96 97 100 101 102 103 104 115 116 117 118 119 121 122 123 124 143 144 
2691   100 101 102 103 104 120 121 122 123 124 128 129 140 141 142 143 144 148 149 
2692   100 101 102 103 120 121 125 126 127 128 129 145 146 147 148 149 
2693   100 101 102 125 126 127 128 145 147 152 153 154 
2694   125 126 127 128 134 150 151 152 153 154 176 177 178 179 
2695   125 133 134 150 151 152 175 176 177 178 
2696   130 131 132 133 134 157 158 159 183 184 
2697   130 131 132 133 134 155 156 157 158 159 180 181 182 183 184 
2698   130 131 132 133 134 155 156 157 158 159 180 181 182 183 184 
2699   130 131 132 133 134 156 157 158 
2700   0 1 2 3 132 133 134 
2701   0 1 2 3 4 134 185 186 
2702   2 3 4 134 160 185 186 187 
2703   3 4 135 160 161 162 187 188 
2704   3 4 135 136 161 162 187 188 
2705   4 5 136 162 188 
2706   4 6 136 137 162 188 190 
2707   4 6 137 162 163 165 188 190 
2708   4 6 137 163 165 188 191 
2709   4 137 163 188 191 210 
2710   4 7 10 163 166 188 191 210 
2711   4 7 10 163 166 
2712   4 7 163 166 195 
2713   7 163 
2714   7 138 163 170 192 211 
2715   7 138 163 192 211 
2716   7 11 134 138 163 167 192 211 
2717   11 134 138 163 167 192 211 215 
2718   11 15 134 138 163 167 192 196 215 
2719   11 15 134 138 163 167 171 192 196 200 
2720   
2721   
2722   
2723   
2724   
2725   
2726   
2727   
2728   
2729   
2730   
2731   
2732   
2733   
2734   
2735   
2736   
2737   
2738   
2739   
2740   
2741   
2742   
2743   
2744   
2745   
2746   
2747   
2748   
2749   
2750   
2751   
2752   
2753   
2754   
2755   
2756   
2757   
2758   
2759   
2760   
2761   
2762   
2763   
2764   35 36 37 38 39 40 41 42 43 44 45 46 47 48 49 50 51 52 53 54 55 56 57 58 59 60 61 62 63 64 65 66 67 68 69 
2765   58 60 61 62 63 65 66 67 68 69 70 71 72 73 74 76 77 78 79 81 
2766   70 72 73 75 76 77 78 79 80 81 82 83 84 85 86 87 88 89 90 91 92 93 94 95 96 97 98 99 101 102 104 
2767   90 91 92 93 94 95 96 97 98 99 100 101 102 103 104 106 107 108 109 111 112 
2768   100 101 102 103 104 105 106 110 111 112 113 114 115 116 117 118 119 
2769   115 116 117 118 120 121 122 123 124 128 129 142 
2770   120 125 126 127 128 129 133 134 140 141 142 143 144 146 149 
2771   125 126 127 132 133 134 145 146 147 148 149 
2772   125 130 131 132 133 134 150 151 152 153 154 
2773   130 131 132 133 134 150 151 159 175 176 177 178 179 
2774   130 131 132 133 155 157 158 159 175 176 178 
2775   130 131 132 155 156 157 158 159 180 181 182 183 184 
2776   155 156 180 181 182 
2777   
2778   2 3 4 187 188 189 
2779   0 1 2 3 4 160 161 162 163 164 185 186 187 188 189 
2780   0 3 4 135 136 137 160 161 162 163 164 185 186 187 188 189 
2781   135 136 137 160 161 162 163 164 187 188 189 
2782   5 135 136 137 138 161 162 163 164 188 189 
2783   5 6 136 137 138 162 163 164 189 190 
2784   5 6 137 138 163 164 189 190 
2785   6 7 137 138 163 164 165 189 190 191 
2786   7 137 138 163 164 165 189 191 210 
2787   7 138 164 165 189 191 210 
2788   7 10 138 166 189 192 210 
2789   7 10 138 166 189 192 
2790   10 138 189 192 195 211 
2791   138 189 192 195 211 
2792   138 167 170 189 192 211 
2793   4 11 138 167 170 189 192 211 
2794   4 11 138 167 196 215 
2795   4 11 15 167 196 215 
2796   4 15 196 215 
2797   4 15 171 196 200 
2798   171 200 
2799   
2800   
2801   
2802   
2803   
2804   
2805   
2806   
2807   
2808   
2809   
2810   
2811   
2812   
2813   
2814   
2815   
2816   
2817   
2818   
2819   
2820   
2821   
2822   
2823   
2824   
2825   
2826   
2827   
2828   
2829   
2830   
2831   
2832   
2833   
2834   
2835   
2836   
2837   
2838   
2839   
2840   
2841   
2842   
2843   36 37 38 39 40 41 42 43 44 45 46 47 48 49 50 51 52 53 54 55 56 57 58 59 60 61 62 63 64 65 66 67 68 69 
2844   35 36 64 68 71 75 103 104 
2845   70 71 72 73 74 75 76 77 78 79 80 81 82 83 84 85 86 87 88 89 90 91 92 93 94 95 96 97 98 99 100 101 102 103 104 
2846   95 96 97 100 101 102 103 104 105 106 107 108 109 110 112 113 114 117 118 119 122 123 
2847   105 107 108 109 110 111 112 113 114 115 116 117 118 119 120 121 122 123 124 125 126 127 128 129 130 131 132 134 
2848   115 116 120 121 122 123 124 125 126 127 128 129 130 131 132 133 134 136 137 139 143 144 
2849   125 126 127 129 130 131 132 133 134 135 136 137 138 139 140 141 142 143 144 145 146 147 148 149 153 154 
2850   130 131 132 135 136 137 138 139 140 145 146 147 148 151 152 153 154 
2851   130 131 135 136 137 138 139 150 151 152 153 154 156 157 158 159 176 178 179 
2852   135 136 137 138 139 155 156 157 158 159 164 175 176 177 178 179 184 
2853   135 136 137 138 139 155 156 157 158 163 164 181 182 183 184 
2854   135 136 137 138 139 156 161 162 163 164 180 181 182 183 184 
2855   135 136 137 138 139 160 161 162 163 164 180 188 189 
2856   0 1 3 4 135 136 137 138 139 160 161 162 163 164 185 186 187 188 189 
2857   0 1 2 3 4 135 136 137 138 139 160 161 162 163 164 185 186 187 188 189 
2858   0 1 135 136 137 138 139 160 161 162 163 164 185 186 187 188 189 
2859   135 136 137 138 139 
2860   5 7 138 139 
2861   5 6 7 8 138 139 190 
2862   6 7 8 139 165 190 191 
2863   6 7 8 9 139 165 166 190 191 192 
2864   7 8 9 139 165 166 191 192 
2865   8 139 166 192 210 
2866   8 10 139 166 192 210 211 
2867   8 10 139 166 167 192 195 211 
2868   8 11 139 164 167 195 211 
2869   8 11 139 164 167 195 211 
2870   8 11 139 164 167 170 
2871   8 11 139 164 167 170 196 
2872   8 11 164 196 215 
2873   8 164 196 215 
2874   8 15 164 171 189 196 
2875   8 164 171 189 200 
2876   8 164 171 189 200 
2877   4 8 189 212 
2878   4 8 189 212 
2879   4 212 
2880   
2881   
2882   
2883   
2884   
2885   
2886   
2887   
2888   
2889   
2890   
2891   
2892   
2893   
2894   
2895   
2896   
2897   
2898   
2899   
2900   
2901   
2902   
2903   
2904   
2905   
2906   
2907   
2908   
2909   
2910   
2911   
2912   
2913   
2914   
2915   
2916   
2917   
2918   
2919   
2920   
2921   
2922   
2923   35 104 
2924   70 71 72 73 74 75 76 77 78 79 80 81 82 83 84 85 86 87 88 89 90 91 92 93 94 95 96 97 98 99 100 101 102 103 
2925   105 106 107 108 109 110 111 112 113 115 116 120 122 124 125 126 128 129 130 131 132 133 134 135 136 137 138 139 
2926   105 106 110 111 114 115 116 117 118 119 120 121 122 123 124 125 126 127 128 129 130 131 132 133 134 135 136 137 138 139 
2927   130 133 134 135 136 137 138 139 140 141 142 143 144 146 147 151 
2928   135 138 140 141 142 145 146 147 148 149 150 151 152 153 154 155 159 164 
2929   145 150 151 152 155 156 157 158 159 161 162 163 164 
2930   150 155 156 157 158 159 160 161 162 163 164 168 169 175 177 178 179 183 
2931   155 160 161 162 163 164 167 168 169 175 176 177 181 182 183 184 
2932   160 161 162 163 164 167 168 169 180 181 182 183 187 188 189 
2933   160 161 162 166 167 168 169 180 181 186 187 188 189 
2934   1 2 3 4 160 166 167 168 169 185 186 187 188 189 
2935   0 1 2 3 4 166 167 168 169 185 186 187 194 
2936   2 165 166 167 168 169 194 
2937   8 9 165 166 167 168 169 192 193 194 
2938   5 6 7 8 9 165 166 167 168 169 190 191 192 193 194 
2939   5 6 7 8 9 165 166 167 168 169 190 191 192 193 194 
2940   5 6 7 8 9 165 166 167 168 169 190 191 192 193 194 
2941   8 9 165 166 167 168 169 191 192 193 194 
2942   9 165 166 167 168 169 192 193 194 210 
2943   10 167 168 193 194 210 211 
2944   10 167 168 193 194 210 211 212 
2945   9 10 11 167 168 193 194 195 211 212 
2946   9 11 167 168 193 194 195 211 212 
2947   9 11 168 170 193 195 212 
2948   9 168 170 193 196 212 
2949   9 168 170 193 196 212 215 
2950   9 12 168 193 196 212 215 
2951   9 12 15 168 171 193 212 215 
2952   12 15 139 168 171 193 212 
2953   12 15 139 168 171 193 200 212 
2954   12 139 168 193 200 212 
2955   12 139 168 193 212 
2956   12 139 168 193 212 216 
2957   12 139 164 168 193 197 212 216 245 
2958   12 16 139 164 168 193 197 216 220 245 
2959   8 12 16 20 139 164 168 189 193 197 216 220 245 
2960   
2961   
2962   
2963   
2964   
2965   
2966   
2967   
2968   
2969   
2970   
2971   
2972   
2973   
2974   
2975   
2976   
2977   
2978   
2979   
2980   
2981   
2982   
2983   
2984   
2985   
2986   
2987   
2988   
2989   
2990   
2991   
2992   
2993   
2994   
2995   
2996   
2997   
2998   
2999   
3000   
3001   
3002   
3003   
3004   105 106 107 110 111 115 129 133 134 137 138 139 
3005   108 109 112 113 114 116 117 118 119 120 121 123 124 127 128 132 140 148 149 152 153 154 155 156 157 158 159 160 161 162 163 165 166 167 168 170 171 172 174 
3006   140 141 142 143 144 145 146 147 148 149 150 151 152 153 154 155 156 157 158 159 160 161 162 163 164 165 166 167 168 169 170 171 172 173 174 
3007   140 142 143 145 146 147 148 149 150 151 152 153 154 155 156 157 158 159 160 161 162 163 164 165 166 167 168 169 170 171 172 173 174 
3008   155 156 157 158 160 161 162 163 165 166 167 168 169 170 171 172 173 174 176 178 179 
3009   160 165 166 167 168 169 170 171 172 173 174 175 176 177 178 179 180 181 182 183 184 189 
3010   165 166 167 170 171 172 173 174 176 178 180 181 182 183 184 185 186 187 188 189 194 
3011   165 166 170 171 172 173 174 180 185 186 187 188 189 193 194 
3012   2 4 165 166 170 171 172 173 174 185 186 188 190 191 192 193 194 
3013   0 1 2 3 4 165 166 170 171 172 173 174 185 190 191 192 193 194 
3014   0 1 7 8 9 165 171 172 173 174 190 191 192 193 194 
3015   5 6 7 8 9 165 173 174 190 191 192 193 
3016   5 6 7 8 9 174 190 191 192 193 
3017   5 6 7 190 191 
3018   
3019   210 
3020   10 210 211 212 213 214 
3021   10 11 12 195 210 211 212 213 214 
3022   10 11 12 195 196 211 212 213 214 
3023   10 11 12 13 169 195 196 212 213 214 
3024   11 12 13 169 170 195 196 213 214 
3025   12 169 170 196 213 214 
3026   12 169 170 196 213 214 215 
3027   12 169 170 171 194 196 197 213 215 
3028   12 15 169 171 194 197 213 215 
3029   12 15 169 171 194 197 213 
3030   15 171 194 197 213 216 
3031   9 194 197 200 213 216 
3032   9 194 197 200 213 216 
3033   9 197 216 
3034   9 16 172 197 216 245 
3035   9 16 172 197 216 245 
3036   16 172 197 201 220 245 
3037   16 172 201 220 
3038   20 172 201 
3039   172 201 205 
3040   
3041   
3042   
3043   
3044   
3045   
3046   
3047   
3048   
3049   
3050   
3051   
3052   
3053   
3054   
3055   
3056   
3057   
3058   
3059   
3060   
3061   
3062   
3063   
3064   
3065   
3066   
3067   
3068   
3069   
3070   
3071   
3072   
3073   
3074   
3075   
3076   
3077   
3078   
3079   
3080   
3081   
3082   
3083   
3084   140 174 
3085   141 142 143 144 145 146 147 150 151 164 169 173 183 184 186 187 188 189 190 191 192 193 194 195 196 197 198 199 200 201 202 203 204 205 206 207 208 209 
3086   175 176 177 178 179 180 181 182 183 184 185 186 187 188 189 190 191 192 193 194 195 196 197 198 199 200 201 202 203 204 205 206 207 208 209 
3087   175 176 177 178 179 180 181 182 183 184 185 186 187 188 189 190 191 192 193 194 195 196 197 198 199 200 201 202 203 204 205 206 207 208 209 
3088   175 177 180 181 182 183 184 185 186 187 188 189 190 191 192 193 194 195 196 197 198 199 200 201 202 203 204 207 209 
3089   185 186 187 188 190 191 192 193 194 195 196 197 198 199 200 201 202 203 204 209 
3090   1 2 3 4 185 190 191 192 193 194 195 196 197 198 199 201 202 203 204 
3091   0 1 2 3 4 6 8 9 190 191 192 195 196 197 198 199 202 203 204 
3092   0 1 3 5 6 7 8 9 190 195 196 197 198 199 204 
3093   5 6 7 8 9 14 195 196 197 198 199 204 
3094   5 6 8 12 14 170 195 196 197 198 199 
3095   5 11 12 13 14 170 171 172 195 196 197 198 199 
3096   11 12 13 14 170 171 172 173 195 196 197 198 199 212 213 214 
3097   10 11 12 13 14 170 171 172 173 174 195 196 197 198 199 210 211 212 213 214 
3098   10 11 12 13 14 170 171 172 173 174 195 196 197 198 199 210 211 212 213 214 
3099   10 11 12 13 14 170 171 172 173 174 195 196 197 198 199 210 211 212 213 214 
3100   11 12 13 14 170 171 172 173 174 195 196 197 198 199 
3101   13 14 170 171 172 173 174 195 196 197 198 199 
3102   13 14 170 171 172 173 196 197 198 199 
3103   14 170 171 172 197 198 199 215 
3104   14 171 172 197 198 199 215 
3105   13 14 15 171 172 197 198 215 216 
3106   13 14 15 171 172 197 198 216 
3107   13 14 15 172 198 214 216 
3108   13 172 198 200 214 216 
3109   13 16 172 198 200 214 216 
3110   13 16 169 172 200 214 245 
3111   13 16 169 172 245 
3112   13 16 169 172 201 220 245 
3113   13 16 169 172 194 201 213 220 245 
3114   13 20 169 194 201 213 220 
3115   13 20 194 201 213 220 
3116   9 20 194 205 213 
3117   9 20 194 205 213 
3118   9 205 213 
3119   
3120   
3121   
3122   
3123   
3124   
3125   
3126   
3127   
3128   
3129   
3130   
3131   
3132   
3133   
3134   
3135   
3136   
3137   
3138   
3139   
3140   
3141   
3142   
3143   
3144   
3145   
3146   
3147   
3148   
3149   
3150   
3151   
3152   
3153   
3154   
3155   
3156   
3157   
3158   
3159   
3160   
3161   
3162   
3163   
3164   
3165   15 16 17 20 22 23 24 26 27 28 29 30 31 32 33 34 175 176 177 178 179 180 181 182 185 
3166   1 2 3 4 5 6 7 8 10 11 12 14 17 18 19 21 25 34 
3167   0 1 2 3 4 5 6 7 8 9 10 11 12 13 14 17 18 19 
3168   0 1 2 3 4 5 6 7 8 9 10 11 12 13 14 17 18 19 205 206 208 
3169   0 1 2 3 4 5 6 7 8 9 10 11 12 13 14 17 18 19 205 206 207 208 
3170   0 5 6 7 8 9 10 11 12 13 14 17 18 19 200 205 206 207 208 209 
3171   5 7 10 11 12 13 14 17 18 19 200 201 205 206 207 208 209 
3172   10 11 12 13 14 17 18 19 200 201 202 203 205 206 207 208 209 
3173   10 11 12 13 14 17 18 19 200 201 202 203 207 208 209 212 213 214 
3174   10 11 13 17 18 19 200 201 202 203 204 210 211 212 213 214 
3175   10 17 18 19 200 201 202 203 204 210 211 212 213 214 
3176   10 17 18 19 200 201 202 203 204 210 211 213 
3177   17 18 19 201 202 203 204 219 
3178   17 18 19 202 203 204 218 219 
3179   17 18 19 215 216 217 218 219 
3180   15 16 17 215 216 217 218 219 
3181   15 16 17 215 216 217 218 219 
3182   15 16 17 174 215 216 217 218 219 
3183   15 16 17 173 174 200 216 217 218 
3184   15 16 17 173 174 200 216 217 218 
3185   16 17 173 174 199 200 217 218 
3186   16 17 173 199 200 201 217 245 
3187   16 17 173 199 200 201 217 245 
3188   14 16 17 173 201 217 220 245 
3189   14 17 173 198 201 217 220 245 
3190   14 17 173 198 201 217 220 
3191   17 20 173 198 201 214 217 220 
3192   17 20 173 198 201 214 217 
3193   17 20 173 198 205 214 217 
3194   17 198 205 217 246 
3195   17 169 198 205 217 246 
3196   13 17 169 198 217 246 
3197   13 17 169 198 217 246 
3198   13 17 169 194 198 217 246 
3199   9 13 17 169 194 198 213 217 221 246 250 
3200   
3201   
3202   
3203   
3204   
3205   
3206   
3207   
3208   
3209   
3210   
3211   
3212   
3213   
3214   
3215   
3216   
3217   
3218   
3219   
3220   
3221   
3222   
3223   
3224   
3225   
3226   
3227   
3228   
3229   
3230   
3231   
3232   
3233   
3234   
3235   
3236   
3237   
3238   
3239   
3240   
3241   
3242   
3243   
3244   
3245   0 1 2 3 4 5 6 7 8 10 11 12 14 18 19 234 237 238 239 240 241 242 243 244 
3246   0 9 13 15 16 20 22 23 24 26 27 28 29 30 31 32 33 
3247   15 16 20 21 22 23 24 25 26 27 28 29 30 31 32 33 34 
3248   15 16 20 21 22 23 24 25 26 27 28 29 30 31 32 33 34 211 213 214 
3249   15 16 20 21 22 23 24 25 26 27 28 29 30 31 32 33 34 211 212 213 214 
3250   15 16 20 21 22 23 24 25 26 27 28 29 34 210 211 212 213 214 219 
3251   15 16 20 21 22 23 24 27 29 210 211 212 213 214 218 219 
3252   15 16 20 21 22 23 24 210 211 212 213 214 216 217 218 219 
3253   15 16 20 21 22 23 24 205 206 207 210 211 212 216 217 218 219 
3254   15 16 21 23 24 205 206 207 208 209 215 216 217 218 219 
3255   15 16 24 205 206 207 208 209 215 216 217 218 219 
3256   15 16 24 206 208 209 215 216 217 218 219 
3257   15 16 200 215 216 217 218 
3258   15 16 200 201 215 216 217 
3259   15 16 200 201 202 203 204 
3260   18 19 200 201 202 203 204 
3261   18 19 200 201 202 203 204 
3262   18 19 200 201 202 203 204 245 
3263   18 19 201 202 203 219 245 246 
3264   18 19 201 202 203 219 245 246 
3265   18 201 202 219 220 245 246 
3266   18 174 202 218 219 220 246 
3267   18 174 202 218 219 220 246 
3268   18 20 174 199 202 218 246 
3269   20 174 199 202 218 221 246 
3270   20 199 202 218 221 246 
3271   14 199 202 205 218 221 246 
3272   14 202 205 218 221 246 
3273   14 202 205 214 221 246 
3274   173 202 214 221 
3275   173 202 214 221 250 
3276   21 173 202 221 250 
3277   21 173 202 221 250 
3278   21 173 202 221 225 250 
3279   21 25 169 173 198 202 206 221 225 250 
3280   
3281   
3282   
3283   
3284   
3285   
3286   
3287   
3288   
3289   
3290   
3291   
3292   
3293   
3294   
3295   
3296   
3297   
3298   
3299   
3300   
3301   
3302   
3303   
3304   
3305   
3306   
3307   
3308   
3309   
3310   
3311   
3312   
3313   
3314   
3315   
3316   
3317   
3318   
3319   
3320   
3321   
3322   
3323   
3324   245 279 
3325   210 211 212 213 214 215 216 217 218 219 220 221 222 223 224 225 226 227 228 229 230 231 232 233 235 236 246 250 255 268 269 272 273 274 275 276 277 278 
3326   210 211 212 213 214 215 216 217 218 219 220 221 222 223 224 225 226 227 228 229 230 231 232 233 234 235 236 237 238 239 240 241 242 243 244 
3327   210 211 212 213 214 215 216 217 218 219 220 221 222 223 224 225 226 227 228 229 230 231 232 233 234 235 236 237 238 239 240 241 242 243 244 
3328   210 212 215 216 217 218 219 220 221 222 223 224 225 226 227 228 229 230 231 232 233 234 235 236 237 238 239 242 244 
3329   210 215 216 217 218 219 220 221 222 223 224 225 226 227 228 229 231 232 233 234 
3330   30 31 32 33 215 216 217 218 220 221 222 223 224 225 226 227 228 229 234 
3331   25 26 28 30 31 32 33 34 215 216 217 220 221 222 223 224 227 228 229 
3332   25 26 27 28 29 31 33 34 215 220 221 222 223 224 229 
3333   20 25 26 27 28 29 215 220 221 222 223 224 
3334   20 22 26 28 29 220 221 222 223 224 249 
3335   20 21 22 23 29 220 221 222 223 224 247 248 249 
3336   20 21 22 23 205 206 207 220 221 222 223 224 246 247 248 249 
3337   20 21 22 23 24 205 206 207 208 209 220 221 222 223 224 245 246 247 248 249 
3338   20 21 22 23 24 205 206 207 208 209 220 221 222 223 224 245 246 247 248 249 
3339   20 21 22 23 24 205 206 207 208 209 220 221 222 223 224 245 246 247 248 249 
3340   20 21 22 23 220 221 222 223 224 245 246 247 248 249 
3341   20 21 220 221 222 223 224 245 246 247 248 249 
3342   20 21 220 221 222 223 246 247 248 249 
3343   20 204 220 221 222 247 248 249 
3344   20 204 220 221 222 247 248 
3345   19 20 21 203 204 221 222 247 248 
3346   19 20 21 203 221 222 247 248 
3347   19 20 21 203 205 221 247 
3348   21 203 205 219 221 247 
3349   18 21 203 205 219 221 247 
3350   18 21 174 205 219 247 250 
3351   18 21 174 247 250 
3352   18 21 174 199 218 247 250 
3353   18 21 174 199 206 218 225 247 250 
3354   14 21 199 206 218 225 250 
3355   14 21 199 206 218 225 
3356   14 25 206 214 225 
3357   14 25 206 214 225 
3358   25 206 214 
3359   
3360   
3361   
3362   
3363   
3364   
3365   
3366   
3367   
3368   
3369   
3370   
3371   
3372   
3373   
3374   
3375   
3376   
3377   
3378   
3379   
3380   
3381   
3382   
3383   
3384   
3385   
3386   
3387   
3388   
3389   
3390   
3391   
3392   
3393   
3394   
3395   
3396   
3397   
3398   
3399   
3400   
3401   
3402   
3403   
3404   280 281 282 285 286 290 304 308 309 312 313 314 
3405   245 247 248 249 251 252 253 254 256 257 258 259 260 261 262 263 264 265 266 267 270 271 279 287 291 292 295 296 297 298 299 300 301 302 303 305 306 307 310 311 
3406   245 246 247 248 249 250 251 252 253 254 255 256 257 258 259 260 261 262 263 264 265 266 267 268 269 270 271 272 273 274 275 276 277 278 279 
3407   245 246 247 248 249 250 251 252 253 254 255 256 257 258 259 260 261 262 263 264 265 266 267 268 269 270 271 272 273 274 276 277 279 
3408   240 241 243 245 246 247 248 249 250 251 252 253 254 256 257 258 259 261 262 263 264 
3409   230 235 236 237 238 239 240 241 242 243 244 245 246 247 248 249 250 251 252 253 254 259 
3410   225 230 231 232 233 234 235 236 237 238 239 241 243 245 246 247 248 249 252 253 254 
3411   225 226 230 231 232 233 234 239 245 246 247 248 249 253 254 
3412   30 32 225 226 227 228 229 231 233 234 245 246 247 248 249 253 254 
3413   30 31 32 33 34 225 226 227 228 229 234 245 246 247 248 249 253 254 
3414   25 26 27 33 34 225 226 227 228 229 245 246 247 248 254 
3415   25 26 27 28 29 226 227 228 229 245 246 254 
3416   25 26 27 28 29 226 227 228 229 245 
3417   27 28 29 228 229 
3418   
3419   209 
3420   24 205 206 207 208 209 
3421   22 23 24 205 206 207 208 209 224 
3422   22 23 24 205 206 207 208 223 224 
3423   21 22 23 24 205 206 207 223 224 250 
3424   21 22 23 205 206 223 224 249 250 
3425   22 205 206 223 249 250 
3426   22 204 205 206 223 249 250 
3427   22 204 206 222 223 225 248 249 250 
3428   19 22 204 206 222 225 248 250 
3429   19 22 206 222 225 248 250 
3430   19 203 206 222 225 248 
3431   25 203 206 219 222 225 
3432   25 203 206 219 222 225 
3433   25 203 222 
3434   18 25 174 203 222 247 
3435   18 25 174 203 222 247 
3436   18 174 199 218 222 247 
3437   18 199 218 247 
3438   14 218 247 
3439   214 218 247 
3440   
3441   
3442   
3443   
3444   
3445   
3446   
3447   
3448   
3449   
3450   
3451   
3452   
3453   
3454   
3455   
3456   
3457   
3458   
3459   
3460   
3461   
3462   
3463   
3464   
3465   
3466   
3467   
3468   
3469   
3470   
3471   
3472   
3473   
3474   
3475   
3476   
3477   
3478   
3479   
3480   
3481   
3482   
3483   315 384 
3484   316 317 318 319 320 321 322 323 324 325 326 327 328 329 330 331 332 333 334 335 336 337 338 339 340 341 342 343 344 345 346 347 348 349 
3485   280 281 282 283 284 285 286 287 288 289 290 291 293 294 295 299 303 304 306 307 308 309 310 311 312 313 314 
3486   280 281 282 283 284 285 286 287 288 289 290 291 292 293 294 295 296 297 298 299 300 301 302 303 304 305 308 309 313 314 
3487   268 272 273 275 276 277 278 279 280 281 282 283 284 285 286 289 
3488   255 260 264 265 266 267 268 269 270 271 272 273 274 277 278 279 281 284 
3489   255 256 257 258 260 261 262 263 264 267 268 269 274 
3490   236 240 241 242 244 250 251 255 256 257 258 259 260 261 262 263 264 269 
3491   235 236 237 238 242 243 244 250 251 252 255 256 257 258 259 264 
3492   230 231 232 236 237 238 239 250 251 252 255 256 257 258 259 
3493   230 231 232 233 238 239 250 251 252 253 257 258 259 
3494   30 31 32 33 230 231 232 233 234 250 251 252 253 259 
3495   30 31 32 33 34 225 232 233 234 250 251 252 253 
3496   32 225 250 251 252 253 254 
3497   25 26 225 226 227 250 251 252 253 254 
3498   25 26 27 28 29 225 226 227 228 229 250 251 252 253 254 
3499   25 26 27 28 29 225 226 227 228 229 250 251 252 253 254 
3500   25 26 27 28 29 225 226 227 228 229 250 251 252 253 254 
3501   25 26 225 226 227 228 250 251 252 253 254 
3502   25 209 225 226 227 250 251 252 253 254 
3503   24 208 209 225 226 251 252 
3504   24 207 208 209 225 226 251 252 
3505   23 24 25 207 208 224 225 226 251 252 
3506   23 25 207 208 224 225 226 251 252 
3507   23 25 207 224 226 249 251 
3508   25 207 223 226 249 251 
3509   25 204 207 223 226 249 251 
3510   22 25 204 207 223 226 251 
3511   19 22 25 204 207 226 248 251 
3512   19 22 207 226 248 251 280 
3513   19 22 207 219 226 248 251 280 
3514   22 207 219 226 251 280 
3515   22 207 226 251 280 
3516   22 203 207 226 251 280 
3517   22 174 203 207 222 226 251 255 280 
3518   18 22 174 199 203 222 226 251 255 280 
3519   14 18 22 26 174 199 203 222 226 230 251 255 280 
3520   
3521   
3522   
3523   
3524   
3525   
3526   
3527   
3528   
3529   
3530   
3531   
3532   
3533   
3534   
3535   
3536   
3537   
3538   
3539   
3540   
3541   
3542   
3543   
3544   
3545   
3546   
3547   
3548   
3549   
3550   
3551   
3552   
3553   
3554   
3555   
3556   
3557   
3558   
3559   
3560   
3561   
3562   
3563   350 351 352 353 354 355 356 357 358 359 360 361 362 363 364 365 366 367 368 369 370 371 372 373 374 375 376 377 378 379 380 381 382 383 
3564   315 316 344 348 351 355 383 384 
3565   315 316 317 318 319 320 321 322 323 324 325 326 327 328 329 330 331 332 333 334 335 336 337 338 339 340 341 342 343 344 345 346 347 348 349 
3566   296 300 301 302 305 306 307 309 310 311 312 313 314 315 316 317 318 319 322 323 324 
3567   285 287 288 289 290 291 292 293 294 295 296 297 298 299 300 301 302 303 304 305 306 307 308 309 310 311 312 314 
3568   275 276 280 282 283 285 286 287 288 289 290 291 292 293 294 295 296 297 298 299 303 304 
3569   265 266 270 271 272 273 274 275 276 277 278 279 280 281 282 283 284 285 286 287 288 289 290 292 293 294 
3570   265 266 267 268 271 272 273 274 279 280 281 282 283 284 287 288 289 
3571   240 241 243 260 261 262 263 265 266 267 268 269 280 281 282 283 284 288 289 
3572   235 240 241 242 243 244 255 260 261 262 263 264 280 281 282 283 284 
3573   235 236 237 238 255 256 261 262 263 264 280 281 282 283 284 
3574   235 236 237 238 239 255 256 257 258 263 280 281 282 283 284 
3575   230 231 239 255 256 257 258 259 280 281 282 283 284 
3576   30 31 33 34 230 231 232 233 234 255 256 257 258 259 280 281 282 283 284 
3577   30 31 32 33 34 230 231 232 233 234 255 256 257 258 259 280 281 282 283 284 
3578   33 34 230 231 232 233 234 255 256 257 258 259 280 281 282 283 284 
3579   280 281 282 283 284 
3580   27 29 280 281 
3581   26 27 28 29 229 280 281 
3582   26 27 28 228 229 254 280 
3583   25 26 27 28 227 228 229 253 254 280 
3584   25 26 27 227 228 253 254 280 
3585   26 209 227 253 280 
3586   24 26 208 209 227 253 280 
3587   24 26 208 224 227 252 253 280 
3588   23 26 208 224 252 255 280 
3589   23 26 208 224 252 255 280 
3590   23 26 249 252 255 280 
3591   23 26 223 249 252 255 280 
3592   23 26 204 223 255 
3593   26 204 223 255 
3594   19 26 223 230 248 255 
3595   26 219 230 248 255 
3596   26 219 230 248 255 
3597   26 30 207 230 
3598   26 30 207 230 
3599   30 207 
3600   
3601   
3602   
3603   
3604   
3605   
3606   
3607   
3608   
3609   
3610   
3611   
3612   
3613   
3614   
3615   
3616   
3617   
3618   
3619   
3620   
3621   
3622   
3623   
3624   
3625   
3626   
3627   
3628   
3629   
3630   
3631   
3632   
3633   
3634   
3635   
3636   
3637   
3638   
3639   
3640   
3641   
3642   
3643   
3644   350 351 352 353 354 355 356 357 358 359 360 361 362 363 364 365 366 367 368 369 370 371 372 373 374 375 376 377 378 379 380 381 382 383 384 
3645   338 340 341 342 343 345 346 347 348 349 350 351 352 353 354 356 357 358 359 361 
3646   315 317 318 320 321 322 323 324 325 326 327 328 329 330 331 332 333 334 335 336 337 338 339 340 341 342 343 344 346 347 349 
3647   307 308 310 311 312 313 315 316 317 318 319 320 321 322 323 324 325 326 327 328 329 
3648   300 301 302 303 304 305 306 307 308 309 313 314 315 316 317 318 319 
3649   277 290 291 295 296 297 298 299 301 302 303 304 
3650   270 273 275 276 277 278 279 285 286 290 291 292 293 294 299 
3651   270 271 272 273 274 285 286 287 292 293 294 
3652   265 266 267 268 269 285 286 287 288 289 294 
3653   240 241 242 243 244 260 268 269 285 286 287 288 289 
3654   241 243 244 260 261 262 264 286 287 288 289 
3655   235 236 237 238 239 260 261 262 263 264 287 288 289 
3656   237 238 239 263 264 
3657   
3658   30 31 32 230 231 232 
3659   30 31 32 33 34 230 231 232 233 234 255 256 257 258 259 
3660   30 31 34 230 231 232 233 234 255 256 257 258 259 282 283 284 
3661   230 231 232 255 256 257 258 259 282 283 284 
3662   29 230 231 255 256 257 258 281 282 283 284 
3663   28 29 229 230 255 256 257 281 282 283 
3664   28 29 229 230 255 256 281 282 
3665   27 28 228 229 230 254 255 256 281 282 
3666   27 209 228 230 254 255 256 281 282 
3667   27 209 228 230 254 255 281 
3668   24 27 209 227 230 253 281 
3669   24 27 227 230 253 281 
3670   24 208 224 227 230 281 
3671   208 224 227 230 281 
3672   208 227 230 249 252 281 
3673   23 30 208 227 230 249 252 281 
3674   23 30 204 223 252 281 
3675   19 23 30 204 223 252 
3676   19 30 204 223 
3677   19 30 219 223 248 
3678   219 248 
3679   
3680   
3681   
3682   
3683   
3684   
3685   
3686   
3687   
3688   
3689   
3690   
3691   
3692   
3693   
3694   
3695   
3696   
3697   
3698   
3699   
3700   
3701   
3702   
3703   
3704   
3705   
3706   
3707   
3708   
3709   
3710   
3711   
3712   
3713   
3714   
3715   
3716   
3717   
3718   
3719   
3720   
3721   
3722   
3723   
3724   375 376 377 380 381 382 383 384 
3725   350 352 353 355 356 357 358 359 360 361 362 363 364 365 366 367 368 369 370 371 372 373 374 375 376 377 378 379 381 382 384 
3726   342 343 344 345 346 347 348 349 350 351 352 353 354 355 356 357 
3727   320 330 331 332 333 334 335 336 337 338 339 340 341 344 
3728   305 306 310 311 312 313 320 321 322 323 324 325 326 327 328 329 331 332 333 334 
3729   300 301 302 305 306 307 308 309 314 315 316 317 318 319 320 321 322 323 324 328 329 
3730   275 276 295 296 297 298 300 301 302 303 304 315 316 317 318 319 322 323 324 
3731   270 271 275 276 277 278 279 290 291 295 296 297 298 299 315 316 317 318 319 
3732   270 271 272 273 274 290 291 292 293 294 297 298 299 316 317 318 319 
3733   265 266 267 272 274 291 292 293 294 317 318 319 
3734   240 241 242 243 265 266 267 268 269 285 291 292 293 294 
3735   241 242 243 244 267 268 269 285 286 294 
3736   235 236 260 261 262 285 286 287 288 289 
3737   235 236 237 238 239 260 261 262 263 264 285 286 287 288 289 
3738   235 236 237 238 239 260 261 262 263 264 285 286 287 288 289 
3739   261 262 263 285 286 287 288 289 
3740   31 32 33 34 285 286 287 
3741   30 31 32 33 34 233 234 285 
3742   30 31 32 232 233 234 259 285 
3743   30 31 231 232 257 258 259 284 
3744   30 31 231 232 257 258 283 284 
3745   29 30 231 257 283 
3746   28 30 229 231 257 282 283 
3747   28 30 229 231 254 256 257 282 
3748   28 30 228 231 254 256 282 
3749   30 209 228 231 256 282 
3750   24 27 30 209 228 231 253 256 
3751   24 27 30 253 256 
3752   27 30 224 253 256 
3753   27 256 
3754   27 208 227 249 256 281 
3755   27 208 227 256 281 
3756   23 27 208 227 252 256 281 285 
3757   23 204 208 227 252 256 281 285 
3758   19 23 204 223 227 252 256 281 285 
3759   19 23 219 223 227 248 252 256 281 285 
3760   
3761   
3762   
3763   
3764   
3765   
3766   
3767   
3768   
3769   
3770   
3771   
3772   
3773   
3774   
3775   
3776   
3777   
3778   
3779   
3780   
3781   
3782   
3783   
3784   
3785   
3786   
3787   
3788   
3789   
3790   
3791   
3792   
3793   
3794   
3795   
3796   
3797   
3798   
3799   
3800   
3801   
3802   
3803   
3804   
3805   370 371 372 373 374 375 376 377 378 379 380 381 382 383 384 
3806   355 358 359 360 361 362 363 364 365 366 367 368 369 379 
3807   335 336 337 340 341 342 343 344 345 346 347 348 349 350 351 352 353 354 355 356 357 358 359 362 363 364 
3808   311 330 331 332 333 334 335 336 337 338 339 350 351 352 353 354 
3809   305 306 307 310 311 312 313 314 325 326 327 328 329 330 331 332 333 334 352 
3810   307 308 309 314 320 321 322 325 326 327 328 329 
3811   277 295 300 301 302 303 304 320 321 322 323 324 
3812   275 276 277 278 279 295 296 297 299 304 315 321 322 323 324 
3813   270 271 272 273 290 297 298 299 315 316 324 
3814   270 271 273 274 290 291 299 315 316 317 318 319 
3815   240 265 266 268 290 291 292 293 315 316 317 318 319 
3816   240 241 242 243 244 266 267 268 269 290 291 292 293 294 315 316 317 318 319 
3817   243 269 293 316 318 319 
3818   
3819   235 236 237 238 239 260 263 264 
3820   235 236 237 238 260 261 262 263 264 287 288 289 
3821   235 260 261 262 286 287 288 289 
3822   33 34 260 261 286 287 
3823   32 33 233 234 260 261 285 286 287 
3824   32 33 233 259 260 285 286 
3825   31 32 232 233 258 259 260 284 285 286 
3826   29 31 232 258 260 284 285 
3827   29 31 232 258 260 283 285 
3828   28 31 229 232 257 260 283 285 
3829   28 31 254 257 260 285 
3830   28 31 254 257 260 282 285 
3831   31 209 228 231 257 260 282 285 
3832   24 31 209 228 231 260 282 285 
3833   24 31 209 224 231 253 260 285 
3834   24 31 224 231 253 260 285 
3835   31 224 231 249 260 285 
3836   31 231 235 249 260 
3837   27 31 231 235 260 
3838   27 31 208 231 235 260 
3839   27 31 204 208 231 235 260 
3840   
3841   
3842   
3843   
3844   
3845   
3846   
3847   
3848   
3849   
3850   
3851   
3852   
3853   
3854   
3855   
3856   
3857   
3858   
3859   
3860   
3861   
3862   
3863   
3864   
3865   
3866   
3867   
3868   
3869   
3870   
3871   
3872   
3873   
3874   
3875   
3876   
3877   
3878   
3879   
3880   
3881   
3882   
3883   
3884   
3885   380 381 382 383 384 
3886   365 366 367 368 370 371 372 373 374 375 376 377 378 379 
3887   345 346 347 348 349 360 361 362 363 364 365 366 367 368 369 
3888   335 336 338 340 341 342 343 344 349 350 355 356 357 358 359 361 363 364 
3889   310 330 337 338 339 350 351 352 353 354 359 
3890   305 306 308 310 311 312 313 314 325 331 332 333 334 350 351 352 353 354 
3891   305 306 307 308 309 325 326 327 328 329 353 354 
3892   275 276 300 301 302 303 304 320 327 328 329 
3893   276 277 278 279 295 296 302 303 304 320 321 322 323 324 
3894   270 271 272 295 296 297 298 320 321 322 323 324 
3895   271 272 273 274 296 297 298 299 322 323 324 
3896   265 290 
3897   240 241 242 243 244 265 266 267 268 269 290 291 292 293 294 315 317 
3898   240 242 244 265 266 267 268 269 290 291 292 293 294 315 316 317 318 319 
3899   290 291 292 293 315 316 317 318 319 
3900   239 290 315 316 317 
3901   236 237 238 239 263 264 289 315 316 
3902   235 236 237 262 263 264 288 289 315 
3903   34 235 236 262 288 289 315 
3904   33 34 234 235 236 261 262 287 288 
3905   33 233 234 235 261 287 
3906   32 233 235 259 261 286 
3907   32 233 235 261 284 286 
3908   29 32 232 235 258 284 286 
3909   29 229 232 235 283 286 
3910   229 232 235 283 286 
3911   28 232 235 254 257 283 286 
3912   28 235 257 
3913   28 228 235 257 282 
3914   28 209 228 235 257 282 
3915   24 228 235 253 282 
3916   24 224 253 282 
3917   224 249 
3918   249 
3919   
3920   
3921   
3922   
3923   
3924   
3925   
3926   
3927   
3928   
3929   
3930   
3931   
3932   
3933   
3934   
3935   
3936   
3937   
3938   
3939   
3940   
3941   
3942   
3943   
3944   
3945   
3946   
3947   
3948   
3949   
3950   
3951   
3952   
3953   
3954   
3955   
3956   
3957   
3958   
3959   
3960   
3961   
3962   
3963   
3964   
3965   
3966   370 371 375 376 377 378 379 380 381 382 383 384 
3967   347 365 366 367 368 369 370 371 372 373 374 
3968   340 345 346 347 348 349 360 361 362 369 
3969   335 336 337 339 340 341 342 343 344 355 356 357 358 359 360 362 363 364 
3970   310 311 312 313 330 331 336 337 338 339 355 356 357 358 359 
3971   305 306 307 312 314 330 331 332 333 334 350 351 352 
3972   307 308 309 325 326 327 334 350 351 352 353 354 
3973   275 277 300 301 302 303 326 327 328 329 352 353 354 
3974   275 276 277 278 279 303 304 
3975   270 273 295 320 321 
3976   270 271 272 273 274 295 296 297 298 299 320 321 322 323 324 
3977   295 320 321 322 323 324 
3978   240 241 243 244 
3979   240 241 242 243 244 265 266 267 268 269 294 
3980   240 241 265 266 267 291 292 293 294 318 319 
3981   239 265 290 291 292 317 318 319 
3982   238 239 264 265 290 291 316 317 318 
3983   237 238 263 264 290 291 316 
3984   34 237 263 289 290 315 316 
3985   34 236 262 288 289 290 315 316 
3986   33 234 236 262 287 290 315 
3987   33 234 236 259 287 290 315 
3988   33 233 236 259 261 287 290 315 
3989   32 233 236 258 261 284 287 315 
3990   29 32 258 261 315 
3991   32 229 258 261 283 315 
3992   32 229 232 254 261 283 286 315 
3993   32 232 254 261 286 315 
3994   232 286 315 
3995   28 209 232 257 286 315 
3996   24 28 209 228 232 257 282 286 315 
3997   24 224 228 253 257 282 286 
3998   224 249 253 282 
3999   
4000   
4001   
4002   
4003   
4004   
4005   
4006   
4007   
4008   
4009   
4010   
4011   
4012   
4013   
4014   
4015   
4016   
4017   
4018   
4019   
4020   
4021   
4022   
4023   
4024   
4025   
4026   
4027   
4028   
4029   
4030   
4031   
4032   
4033   
4034   
4035   
4036   
4037   
4038   
4039   
4040   
4041   
4042   
4043   
4044   
4045   
4046   375 376 377 380 381 382 383 384 
4047   370 371 372 373 374 377 378 379 
4048   345 346 347 348 349 365 366 367 368 374 
4049   340 341 342 343 344 360 361 362 363 368 369 
4050   335 336 337 338 361 362 363 364 
4051   310 311 312 313 314 330 338 339 355 356 357 358 359 
4052   305 306 307 308 330 331 332 333 334 356 357 358 359 
4053   305 306 308 309 325 350 351 
4054   275 276 278 279 300 301 302 304 325 326 327 328 329 350 351 352 353 354 
4055   277 278 279 300 301 302 303 304 325 326 327 328 329 350 351 352 353 354 
4056   
4057   270 271 272 273 274 296 297 298 299 323 324 
4058   270 272 274 295 296 297 298 299 320 321 322 323 324 
4059   295 296 320 321 322 323 
4060   242 243 244 268 269 320 
4061   240 241 242 266 267 268 293 294 320 
4062   240 241 266 267 292 293 294 319 
4063   239 240 265 266 292 317 318 
4064   238 264 265 266 291 292 317 
4065   237 263 265 289 291 317 
4066   34 237 263 265 288 289 291 316 
4067   34 234 237 262 265 288 291 316 
4068   234 237 262 265 288 316 
4069   33 259 262 265 290 
4070   233 236 262 265 284 287 290 
4071   29 233 236 265 287 290 
4072   29 229 236 258 265 290 
4073   229 236 254 265 283 290 
4074   32 236 254 261 265 290 
4075   32 236 261 265 290 
4076   32 232 236 261 265 290 
4077   28 32 209 232 236 261 265 290 315 
4078   24 28 32 209 228 232 236 257 261 265 286 290 315 
4079   
4080   
4081   
4082   
4083   
4084   
4085   
4086   
4087   
4088   
4089   
4090   
4091   
4092   
4093   
4094   
4095   
4096   
4097   
4098   
4099   
4100   
4101   
4102   
4103   
4104   
4105   
4106   
4107   
4108   
4109   
4110   
4111   
4112   
4113   
4114   
4115   
4116   
4117   
4118   
4119   
4120   
4121   
4122   
4123   
4124   
4125   
4126   380 381 382 383 384 
4127   375 376 377 378 379 
4128   345 346 370 371 372 373 374 
4129   347 348 349 365 366 367 368 369 
4130   340 341 342 343 344 360 361 369 
4131   310 311 335 336 337 338 339 360 361 362 363 364 
4132   311 312 313 314 339 355 
4133   305 306 307 309 330 331 332 333 334 355 356 357 358 359 
4134   307 308 309 332 333 334 355 357 
4135   275 276 277 300 301 302 327 328 329 352 
4136   275 276 277 278 279 300 301 302 303 304 325 326 327 328 329 350 351 352 353 354 
4137   325 326 350 351 352 353 354 
4138   271 272 273 274 298 299 350 351 
4139   270 271 272 273 296 297 298 299 324 
4140   244 270 271 295 296 297 321 322 323 324 
4141   243 244 269 295 296 321 322 323 
4142   241 242 243 268 269 294 295 320 321 
4143   241 242 267 293 295 319 320 
4144   239 240 241 267 292 293 318 319 320 
4145   238 239 240 241 264 266 292 318 320 
4146   238 240 264 266 317 320 
4147   240 263 266 289 291 317 
4148   34 237 240 263 291 
4149   234 237 240 259 288 291 316 
4150   33 237 240 259 262 291 316 
4151   33 240 262 284 316 
4152   33 233 240 262 287 316 
4153   29 233 240 258 287 316 
4154   29 229 240 258 283 287 
4155   229 240 254 283 
4156   240 254 283 
4157   240 
4158   240 
4159   
4160   
4161   
4162   
4163   
4164   
4165   
4166   
4167   
4168   
4169   
4170   
4171   
4172   
4173   
4174   
4175   
4176   
4177   
4178   
4179   
4180   
4181   
4182   
4183   
4184   
4185   
4186   
4187   
4188   
4189   
4190   
4191   
4192   
4193   
4194   
4195   
4196   
4197   
4198   
4199   
4200   
4201   
4202   
4203   
4204   
4205   
4206   380 381 382 383 
4207   375 376 377 378 384 
4208   370 371 372 379 
4209   345 346 347 348 349 365 372 373 374 
4210   340 341 342 343 365 366 367 368 369 
4211   344 360 
4212   310 311 312 313 314 335 336 337 338 339 360 361 362 363 364 
4213   338 
4214   305 306 307 308 309 330 331 332 333 334 355 356 357 358 359 
4215   308 330 334 355 356 357 358 359 
4216   276 278 279 304 
4217   275 276 277 278 300 301 302 303 304 327 328 329 
4218   300 301 325 326 327 328 351 352 353 354 
4219   274 300 325 350 351 352 
4220   271 272 273 298 299 324 325 350 351 
4221   270 271 272 297 298 323 324 350 
4222   244 269 270 296 297 322 323 350 
4223   242 243 268 270 294 296 321 322 
4224   242 268 270 293 294 295 296 321 
4225   239 242 267 293 295 319 321 
4226   239 241 267 292 295 318 321 
4227   238 241 264 289 292 295 320 
4228   238 241 266 289 292 295 317 320 
4229   34 263 266 317 320 
4230   234 263 266 288 317 320 
4231   237 259 266 288 291 320 
4232   237 259 266 284 291 320 
4233   33 237 262 284 291 
4234   33 233 262 291 316 
4235   29 233 258 262 287 316 
4236   229 258 283 287 
4237   254 
4238   
4239   
4240   
4241   
4242   
4243   
4244   
4245   
4246   
4247   
4248   
4249   
4250   
4251   
4252   
4253   
4254   
4255   
4256   
4257   
4258   
4259   
4260   
4261   
4262   
4263   
4264   
4265   
4266   
4267   
4268   
4269   
4270   
4271   
4272   
4273   
4274   
4275   
4276   
4277   
4278   
4279   
4280   
4281   
4282   
4283   
4284   
4285   
4286   380 381 382 
4287   375 383 384 
4288   375 376 377 378 379 
4289   345 346 347 370 371 372 373 
4290   348 349 374 
4291   340 341 342 343 344 365 366 367 368 369 
4292   361 
4293   310 311 312 313 314 335 336 337 338 339 360 361 362 363 364 
4294   360 
4295   305 306 307 308 309 331 332 333 358 359 
4296   307 330 331 332 333 334 355 356 357 358 359 
4297   277 279 304 355 357 
4298   275 276 277 278 301 302 303 327 328 329 
4299   275 300 301 326 327 328 353 354 
4300   273 274 300 326 327 352 353 
4301   272 273 298 299 325 326 351 
4302   244 271 272 298 324 325 350 351 
4303   243 244 269 271 297 323 325 350 
4304   243 268 269 294 296 322 350 
4305   268 270 296 319 350 
4306   242 270 293 296 319 321 
4307   239 264 267 270 318 321 
4308   264 267 270 318 321 
4309   238 241 270 289 292 295 
4310   34 238 241 263 270 292 295 
4311   34 234 241 263 295 317 
4312   234 241 259 266 288 295 
4313   241 259 266 284 295 320 
4314   237 241 266 295 320 
4315   33 237 266 291 295 320 
4316   29 33 233 237 262 266 291 295 316 320 
4317   29 229 233 254 258 262 266 283 287 291 295 316 320 
4318   
4319   
4320   
4321   
4322   
4323   
4324   
4325   
4326   
4327   
4328   
4329   
4330   
4331   
4332   
4333   
4334   
4335   
4336   
4337   
4338   
4339   
4340   
4341   
4342   
4343   
4344   
4345   
4346   
4347   
4348   
4349   
4350   
4351   
4352   
4353   
4354   
4355   
4356   
4357   
4358   
4359   
4360   
4361   
4362   
4363   
4364   
4365   
4366   
4367   380 381 382 383 384 
4368   375 376 377 378 379 
4369   
4370   345 346 347 348 349 370 371 372 373 374 
4371   342 344 365 366 367 
4372   340 341 342 343 344 365 366 367 368 369 
4373   311 313 314 339 
4374   310 311 312 335 336 337 338 339 360 361 362 363 364 
4375   360 361 362 
4376   305 306 307 308 309 332 333 334 
4377   305 330 331 332 333 334 356 357 358 359 
4378   278 279 304 330 355 356 
4379   276 277 278 302 303 304 329 355 356 
4380   275 276 301 302 328 353 354 355 
4381   274 275 300 301 327 352 353 
4382   273 299 300 324 326 352 
4383   272 298 300 324 325 351 352 
4384   244 269 271 272 297 300 323 325 351 
4385   243 271 294 297 322 325 
4386   243 268 271 294 319 322 325 350 
4387   242 268 271 293 296 319 322 350 
4388   239 242 293 296 350 
4389   242 264 267 296 318 321 350 
4390   267 289 321 
4391   238 267 270 292 321 
4392   34 238 263 270 292 317 
4393   234 263 270 288 317 
4394   259 270 284 288 
4395   241 270 284 
4396   241 270 
4397   33 237 241 270 
4398   
4399   
4400   
4401   
4402   
4403   
4404   
4405   
4406   
4407   
4408   
4409   
4410   
4411   
4412   
4413   
4414   
4415   
4416   
4417   
4418   
4419   
4420   
4421   
4422   
4423   
4424   
4425   
4426   
4427   
4428   
4429   
4430   
4431   
4432   
4433   
4434   
4435   
4436   
4437   
4438   
4439   
4440   
4441   
4442   
4443   
4444   
4445   
4446   
4447   380 381 382 383 384 
4448   375 376 377 
4449   378 379 
4450   345 346 347 348 349 370 371 372 373 374 
4451   347 370 371 372 
4452   340 341 342 343 344 365 369 
4453   340 341 366 367 368 
4454   310 312 313 314 337 338 339 
4455   310 311 335 336 337 338 361 362 363 364 
4456   308 360 361 
4457   306 307 308 309 334 359 360 
4458   305 306 307 331 332 333 357 358 359 
4459   278 279 304 305 330 331 357 358 
4460   277 303 329 330 355 356 
4461   274 276 302 328 330 354 355 356 
4462   274 275 276 301 302 327 353 355 
4463   273 275 299 301 326 327 352 
4464   244 275 298 324 326 
4465   269 272 300 323 326 351 
4466   243 269 294 297 300 351 
4467   243 268 297 300 325 
4468   268 271 300 319 322 325 
4469   239 264 271 293 325 
4470   242 264 296 318 325 350 
4471   242 267 289 296 318 321 325 350 
4472   238 267 296 321 350 
4473   34 238 292 321 350 
4474   34 234 259 263 288 292 317 
4475   259 284 288 317 
4476   
4477   
4478   
4479   
4480   
4481   
4482   
4483   
4484   
4485   
4486   
4487   
4488   
4489   
4490   
4491   
4492   
4493   
4494   
4495   
4496   
4497   
4498   
4499   
4500   
4501   
4502   
4503   
4504   
4505   
4506   
4507   
4508   
4509   
4510   
4511   
4512   
4513   
4514   
4515   
4516   
4517   
4518   
4519   
4520   
4521   
4522   
4523   
4524   
4525   
4526   
4527   380 381 382 383 384 
4528   
4529   375 376 377 378 379 
4530   
4531   345 346 347 348 349 370 371 372 373 374 
4532   
4533   340 341 342 343 344 365 366 367 368 369 
4534   314 365 366 367 
4535   310 311 312 313 314 338 339 
4536   310 311 335 336 337 362 363 364 
4537   309 335 336 360 361 362 
4538   307 308 333 334 359 360 
4539   279 306 331 332 333 358 
4540   278 304 305 331 357 
4541   277 278 303 305 329 330 331 356 
4542   276 328 330 354 356 
4543   274 276 299 302 330 353 355 
4544   273 301 324 327 352 355 
4545   244 275 298 301 324 352 355 
4546   244 269 272 275 298 301 323 326 
4547   272 275 294 323 326 351 
4548   243 272 275 294 297 319 351 
4549   243 268 275 297 300 322 351 
4550   239 268 271 293 300 322 
4551   264 271 293 300 318 
4552   242 271 289 300 318 325 
4553   242 267 271 296 300 325 
4554   238 242 267 271 296 321 325 350 
4555   34 234 238 263 267 292 296 321 325 350 
4556   234 259 263 284 288 292 317 321 350 
4557   
4558   
4559   
4560   
4561   
4562   
4563   
4564   
4565   
4566   
4567   
4568   
4569   
4570   
4571   
4572   
4573   
4574   
4575   
4576   
4577   
4578   
4579   
4580   
4581   
4582   
4583   
4584   
4585   
4586   
4587   
4588   
4589   
4590   
4591   
4592   
4593   
4594   
4595   
4596   
4597   
4598   
4599   
4600   
4601   
4602   
4603   
4604   
4605   
4606   
4607   380 381 383 
4608   382 384 
4609   375 376 377 378 379 
4610   375 376 
4611   345 346 347 348 349 373 374 
4612   370 371 372 
4613   342 344 
4614   340 341 342 343 365 366 367 368 369 
4615   313 314 339 340 365 
4616   311 312 337 338 339 363 364 
4617   309 310 335 336 337 362 363 364 
4618   308 309 334 335 361 362 
4619   307 308 333 334 359 360 361 
4620   279 306 307 332 358 359 360 
4621   278 304 306 357 358 
4622   277 303 305 329 331 357 
4623   274 277 302 303 305 328 331 354 356 
4624   276 299 302 305 328 330 353 356 
4625   273 276 299 324 327 330 
4626   273 298 301 330 352 355 
4627   244 269 298 301 323 352 355 
4628   269 272 294 301 326 355 
4629   243 272 319 326 351 
4630   243 268 275 297 319 322 351 
4631   239 268 275 293 322 
4632   264 275 
4633   275 289 318 
4634   275 300 
4635   242 271 275 300 
4636   34 238 242 267 271 296 300 325 
4637   
4638   
4639   
4640   
4641   
4642   
4643   
4644   
4645   
4646   
4647   
4648   
4649   
4650   
4651   
4652   
4653   
4654   
4655   
4656   
4657   
4658   
4659   
4660   
4661   
4662   
4663   
4664   
4665   
4666   
4667   
4668   
4669   
4670   
4671   
4672   
4673   
4674   
4675   
4676   
4677   
4678   
4679   
4680   
4681   
4682   
4683   
4684   
4685   
4686   
4687   
4688   380 381 382 383 384 
4689   
4690   375 376 377 378 379 
4691   348 349 
4692   345 346 347 348 371 372 373 374 
4693   370 371 372 
4694   343 344 369 
4695   340 341 342 366 367 368 
4696   312 313 314 339 340 365 366 
4697   311 312 337 338 364 365 
4698   309 310 311 336 363 
4699   308 334 335 336 362 
4700   307 333 335 359 361 
4701   279 307 332 333 335 358 360 
4702   278 304 306 329 332 357 360 
4703   278 303 306 329 331 354 357 
4704   274 277 328 331 354 356 
4705   274 299 302 305 353 356 
4706   273 276 302 305 324 327 
4707   244 273 276 330 
4708   244 269 276 298 323 330 352 
4709   276 294 301 323 330 355 
4710   272 301 319 326 355 
4711   243 272 297 301 326 351 
4712   239 243 268 293 297 322 326 351 
4713   239 264 268 293 318 322 351 
4714   289 318 
4715   
4716   
4717   
4718   
4719   
4720   
4721   
4722   
4723   
4724   
4725   
4726   
4727   
4728   
4729   
4730   
4731   
4732   
4733   
4734   
4735   
4736   
4737   
4738   
4739   
4740   
4741   
4742   
4743   
4744   
4745   
4746   
4747   
4748   
4749   
4750   
4751   
4752   
4753   
4754   
4755   
4756   
4757   
4758   
4759   
4760   
4761   
4762   
4763   
4764   
4765   
4766   
4767   
4768   380 381 382 383 384 
4769   
4770   376 377 378 379 
4771   375 
4772   347 348 349 374 
4773   345 346 371 372 373 
4774   343 344 370 
4775   341 342 368 369 
4776   314 341 366 367 368 
4777   313 338 339 340 365 366 
4778   312 337 363 364 365 
4779   309 310 311 336 337 362 363 
4780   308 310 334 336 362 
4781   279 310 333 359 361 
4782   304 307 332 335 358 361 
4783   278 329 332 335 360 
4784   303 306 354 357 360 
4785   274 277 306 328 331 
4786   277 299 302 331 353 356 
4787   302 305 324 327 356 
4788   273 298 305 327 
4789   244 269 276 298 305 323 352 
4790   269 276 294 305 323 330 
4791   276 301 305 319 330 355 
4792   243 272 276 301 326 330 355 
4793   239 243 268 272 297 301 322 326 330 351 355 
4794   264 289 293 297 318 322 326 351 355 
4795   
4796   
4797   
4798   
4799   
4800   
4801   
4802   
4803   
4804   
4805   
4806   
4807   
4808   
4809   
4810   
4811   
4812   
4813   
4814   
4815   
4816   
4817   
4818   
4819   
4820   
4821   
4822   
4823   
4824   
4825   
4826   
4827   
4828   
4829   
4830   
4831   
4832   
4833   
4834   
4835   
4836   
4837   
4838   
4839   
4840   
4841   
4842   
4843   
4844   
4845   
4846   
4847   
4848   382 383 384 
4849   380 381 
4850   379 
4851   375 376 377 378 
4852   348 349 374 375 
4853   346 347 372 373 
4854   344 345 346 371 
4855   343 344 369 370 
4856   314 342 368 
4857   313 339 340 341 367 
4858   312 338 340 364 366 
4859   312 337 363 365 
4860   309 311 334 365 
4861   308 310 336 359 362 
4862   279 310 333 
4863   304 307 310 358 361 
4864   278 329 332 335 
4865   278 303 306 332 335 354 357 360 
4866   274 299 306 328 331 360 
4867   277 299 331 353 360 
4868   302 324 331 356 
4869   244 273 327 356 
4870   244 269 298 352 
4871   294 319 323 352 
4872   305 319 
4873   276 305 
4874   239 243 268 272 276 301 305 330 
4875   
4876   
4877   
4878   
4879   
4880   
4881   
4882   
4883   
4884   
4885   
4886   
4887   
4888   
4889   
4890   
4891   
4892   
4893   
4894   
4895   
4896   
4897   
4898   
4899   
4900   
4901   
4902   
4903   
4904   
4905   
4906   
4907   
4908   
4909   
4910   
4911   
4912   
4913   
4914   
4915   
4916   
4917   
4918   
4919   
4920   
4921   
4922   
4923   
4924   
4925   
4926   
4927   
4928   383 384 
4929   380 381 382 
4930   379 
4931   376 377 378 
4932   349 375 376 
4933   348 373 374 
4934   346 347 372 
4935   343 344 345 369 371 
4936   343 368 369 370 
4937   314 341 342 
4938   313 339 341 364 366 367 
4939   338 340 366 
4940   309 312 337 340 363 
4941   311 334 365 
4942   308 311 336 359 362 
4943   279 333 336 361 
4944   304 307 310 329 358 361 
4945   278 310 332 354 
4946   274 303 310 335 357 
4947   274 299 306 328 335 353 
4948   277 306 324 353 360 
4949   277 302 306 331 360 
4950   273 302 327 331 356 
4951   244 269 273 298 323 327 352 356 
4952   294 319 323 352 
4953   
4954   
4955   
4956   
4957   
4958   
4959   
4960   
4961   
4962   
4963   
4964   
4965   
4966   
4967   
4968   
4969   
4970   
4971   
4972   
4973   
4974   
4975   
4976   
4977   
4978   
4979   
4980   
4981   
4982   
4983   
4984   
4985   
4986   
4987   
4988   
4989   
4990   
4991   
4992   
4993   
4994   
4995   
4996   
4997   
4998   
4999   
5000   
5001   
5002   
5003   
5004   
5005   
5006   
5007   
5008   384 
5009   381 382 383 
5010   380 
5011   378 379 
5012   349 376 377 
5013   348 349 374 375 
5014   347 373 375 
5015   344 346 372 
5016   343 345 369 371 
5017   314 342 368 370 
5018   314 339 342 367 370 
5019   313 338 341 364 367 
5020   309 312 366 
5021   309 312 337 340 363 
5022   308 334 337 340 359 362 365 
5023   308 311 333 362 365 
5024   279 304 336 365 
5025   307 329 358 361 
5026   278 307 332 354 361 
5027   303 310 332 357 
5028   274 299 310 328 335 353 357 
5029   310 324 335 
5030   277 306 331 335 360 
5031   244 273 277 302 306 331 360 
5032   269 298 327 356 
5033   294 319 323 352 
5034   
5035   
5036   
5037   
5038   
5039   
5040   
5041   
5042   
5043   
5044   
5045   
5046   
5047   
5048   
5049   
5050   
5051   
5052   
5053   
5054   
5055   
5056   
5057   
5058   
5059   
5060   
5061   
5062   
5063   
5064   
5065   
5066   
5067   
5068   
5069   
5070   
5071   
5072   
5073   
5074   
5075   
5076   
5077   
5078   
5079   
5080   
5081   
5082   
5083   
5084   
5085   
5086   
5087   
5088   384 
5089   383 
5090   381 382 
5091   379 380 
5092   377 378 
5093   349 374 376 
5094   347 348 374 375 
5095   347 372 373 
5096   344 346 369 
5097   343 345 368 371 
5098   314 342 345 368 370 
5099   339 364 367 370 
5100   313 338 341 
5101   309 338 363 366 
5102   312 334 337 366 
5103   308 340 359 
5104   279 311 333 340 362 
5105   304 311 329 333 336 358 365 
5106   307 329 336 354 361 365 
5107   278 307 332 361 
5108   274 303 332 357 
5109   299 324 328 353 
5110   310 
5111   310 335 
5112   244 273 277 302 306 310 331 335 360 
5113   
5114   
5115   
5116   
5117   
5118   
5119   
5120   
5121   
5122   
5123   
5124   
5125   
5126   
5127   
5128   
5129   
5130   
5131   
5132   
5133   
5134   
5135   
5136   
5137   
5138   
5139   
5140   
5141   
5142   
5143   
5144   
5145   
5146   
5147   
5148   
5149   
5150   
5151   
5152   
5153   
5154   
5155   
5156   
5157   
5158   
5159   
5160   
5161   
5162   
5163   
5164   
5165   
5166   
5167   
5168   
5169   383 384 
5170   382 
5171   379 380 381 
5172   378 
5173   349 377 
5174   348 374 376 
5175   373 375 
5176   344 347 372 375 
5177   343 346 369 371 
5178   343 345 368 371 
5179   314 339 342 345 
5180   313 364 367 370 
5181   313 338 341 370 
5182   309 334 363 
5183   312 337 359 366 
5184   308 337 362 
5185   279 304 308 333 340 358 362 
5186   304 311 329 340 358 365 
5187   336 354 365 
5188   278 307 336 361 
5189   274 303 332 357 361 
5190   299 324 328 353 357 
5191   
5192   
5193   
5194   
5195   
5196   
5197   
5198   
5199   
5200   
5201   
5202   
5203   
5204   
5205   
5206   
5207   
5208   
5209   
5210   
5211   
5212   
5213   
5214   
5215   
5216   
5217   
5218   
5219   
5220   
5221   
5222   
5223   
5224   
5225   
5226   
5227   
5228   
5229   
5230   
5231   
5232   
5233   
5234   
5235   
5236   
5237   
5238   
5239   
5240   
5241   
5242   
5243   
5244   
5245   
5246   
5247   
5248   
5249   383 384 
5250   382 
5251   379 381 
5252   378 380 
5253   349 380 
5254   374 377 
5255   348 373 376 
5256   344 347 375 
5257   369 372 375 
5258   343 346 
5259   314 368 371 
5260   339 342 345 364 367 
5261   313 345 367 
5262   309 338 341 370 
5263   312 334 341 363 366 370 
5264   312 337 341 359 366 
5265   279 308 337 362 
5266   279 304 333 
5267   311 329 340 354 358 
5268   311 340 354 365 
5269   278 303 307 311 332 336 340 361 365 
5270   274 299 303 307 328 332 336 357 361 365 
5271   324 353 
5272   
5273   
5274   
5275   
5276   
5277   
5278   
5279   
5280   
5281   
5282   
5283   
5284   
5285   
5286   
5287   
5288   
5289   
5290   
5291   
5292   
5293   
5294   
5295   
5296   
5297   
5298   
5299   
5300   
5301   
5302   
5303   
5304   
5305   
5306   
5307   
5308   
5309   
5310   
5311   
5312   
5313   
5314   
5315   
5316   
5317   
5318   
5319   
5320   
5321   
5322   
5323   
5324   
5325   
5326   
5327   
5328   
5329   384 
5330   383 
5331   379 382 
5332   378 381 
5333   378 380 
5334   349 374 377 380 
5335   348 
5336   373 376 
5337   344 347 369 
5338   372 375 
5339   314 343 346 368 
5340   339 368 371 
5341   342 364 
5342   313 338 345 367 
5343   309 334 338 345 363 370 
5344   334 341 359 370 
5345   312 366 
5346   279 308 333 337 362 366 
5347   304 329 333 358 362 
5348   354 
5349   
5350   278 311 340 
5351   
5352   
5353   
5354   
5355   
5356   
5357   
5358   
5359   
5360   
5361   
5362   
5363   
5364   
5365   
5366   
5367   
5368   
5369   
5370   
5371   
5372   
5373   
5374   
5375   
5376   
5377   
5378   
5379   
5380   
5381   
5382   
5383   
5384   
5385   
5386   
5387   
5388   
5389   
5390   
5391   
5392   
5393   
5394   
5395   
5396   
5397   
5398   
5399   
5400   
5401   
5402   
5403   
5404   
5405   
5406   
5407   
5408   
5409   384 
5410   383 
5411   382 
5412   379 
5413   378 381 
5414   349 377 380 
5415   374 
5416   348 373 376 
5417   344 347 376 
5418   369 
5419   343 372 375 
5420   314 339 346 368 
5421   346 364 371 
5422   313 342 367 
5423   309 313 338 367 
5424   334 345 363 
5425   341 345 359 370 
5426   312 337 341 366 370 
5427   279 304 308 333 337 362 366 
5428   329 354 358 
5429   
5430   
5431   
5432   
5433   
5434   
5435   
5436   
5437   
5438   
5439   
5440   
5441   
5442   
5443   
5444   
5445   
5446   
5447   
5448   
5449   
5450   
5451   
5452   
5453   
5454   
5455   
5456   
5457   
5458   
5459   
5460   
5461   
5462   
5463   
5464   
5465   
5466   
5467   
5468   
5469   
5470   
5471   
5472   
5473   
5474   
5475   
5476   
5477   
5478   
5479   
5480   
5481   
5482   
5483   
5484   
5485   
5486   
5487   
5488   
5489   384 
5490   383 
5491   
5492   379 382 
5493   378 381 
5494   349 
5495   374 377 380 
5496   348 380 
5497   344 373 
5498   347 369 376 
5499   372 
5500   314 343 368 375 
5501   339 346 375 
5502   342 346 364 371 
5503   313 342 367 
5504   309 338 363 
5505   334 345 359 
5506   345 
5507   312 341 345 370 
5508   279 304 308 333 337 362 366 
5509   
5510   
5511   
5512   
5513   
5514   
5515   
5516   
5517   
5518   
5519   
5520   
5521   
5522   
5523   
5524   
5525   
5526   
5527   
5528   
5529   
5530   
5531   
5532   
5533   
5534   
5535   
5536   
5537   
5538   
5539   
5540   
5541   
5542   
5543   
5544   
5545   
5546   
5547   
5548   
5549   
5550   
5551   
5552   
5553   
5554   
5555   
5556   
5557   
5558   
5559   
5560   
5561   
5562   
5563   
5564   
5565   
5566   
5567   
5568   
5569   384 
5570   
5571   383 
5572   379 382 
5573   
5574   349 378 381 
5575   374 
5576   348 377 
5577   348 373 380 
5578   344 369 376 
5579   347 376 
5580   343 372 
5581   314 339 368 
5582   364 375 
5583   346 371 375 
5584   313 338 342 367 
5585   309 334 338 359 363 367 
5586   
5587   
5588   
5589   
5590   
5591   
5592   
5593   
5594   
5595   
5596   
5597   
5598   
5599   
5600   
5601   
5602   
5603   
5604   
5605   
5606   
5607   
5608   
5609   
5610   
5611   
5612   
5613   
5614   
5615   
5616   
5617   
5618   
5619   
5620   
5621   
5622   
5623   
5624   
5625   
5626   
5627   
5628   
5629   
5630   
5631   
5632   
5633   
5634   
5635   
5636   
5637   
5638   
5639   
5640   
5641   
5642   
5643   
5644   
5645   
5646   
5647   
5648   
5649   384 
5650   
5651   383 
5652   379 382 
5653   
5654   378 
5655   349 374 381 
5656   377 
5657   348 377 380 
5658   344 373 380 
5659   369 376 
5660   347 
5661   314 343 368 372 
5662   339 364 368 
5663   
5664   313 342 346 371 375 
5665   309 313 334 338 342 363 367 371 
5666   359 
5667   
5668   
5669   
5670   
5671   
5672   
5673   
5674   
5675   
5676   
5677   
5678   
5679   
5680   
5681   
5682   
5683   
5684   
5685   
5686   
5687   
5688   
5689   
5690   
5691   
5692   
5693   
5694   
5695   
5696   
5697   
5698   
5699   
5700   
5701   
5702   
5703   
5704   
5705   
5706   
5707   
5708   
5709   
5710   
5711   
5712   
5713   
5714   
5715   
5716   
5717   
5718   
5719   
5720   
5721   
5722   
5723   
5724   
5725   
5726   
5727   
5728   
5729   384 
5730   
5731   383 
5732   379 
5733   382 
5734   378 
5735   349 374 378 381 
5736   381 
5737   377 
5738   348 373 
5739   344 369 380 
5740   347 376 380 
5741   314 343 347 372 376 
5742   314 339 368 
5743   364 
5744   
5745   346 375 
5746   
5747   
5748   
5749   
5750   
5751   
5752   
5753   
5754   
5755   
5756   
5757   
5758   
5759   
5760   
5761   
5762   
5763   
5764   
5765   
5766   
5767   
5768   
5769   
5770   
5771   
5772   
5773   
5774   
5775   
5776   
5777   
5778   
5779   
5780   
5781   
5782   
5783   
5784   
5785   
5786   
5787   
5788   
5789   
5790   
5791   
5792   
5793   
5794   
5795   
5796   
5797   
5798   
5799   
5800   
5801   
5802   
5803   
5804   
5805   
5806   
5807   
5808   
5809   384 
5810   
5811   383 
5812   379 
5813   
5814   382 
5815   349 378 
5816   374 381 
5817   
5818   348 373 377 
5819   344 369 373 
5820   380 
5821   347 376 380 
5822   314 343 372 
5823   339 364 368 
5824   
5825   
5826   
5827   
5828   
5829   
5830   
5831   
5832   
5833   
5834   
5835   
5836   
5837   
5838   
5839   
5840   
5841   
5842   
5843   
5844   
5845   
5846   
5847   
5848   
5849   
5850   
5851   
5852   
5853   
5854   
5855   
5856   
5857   
5858   
5859   
5860   
5861   
5862   
5863   
5864   
5865   
5866   
5867   
5868   
5869   
5870   
5871   
5872   
5873   
5874   
5875   
5876   
5877   
5878   
5879   
5880   
5881   
5882   
5883   
5884   
5885   
5886   
5887   
5888   
5889   384 
5890   
5891   383 
5892   
5893   379 
5894   382 
5895   349 378 
5896   374 
5897   381 
5898   348 377 381 
5899   344 348 369 373 377 
5900   
5901   
5902   347 376 380 
5903   
5904   
5905   
5906   
5907   
5908   
5909   
5910   
5911   
5912   
5913   
5914   
5915   
5916   
5917   
5918   
5919   
5920   
5921   
5922   
5923   
5924   
5925   
5926   
5927   
5928   
5929   
5930   
5931   
5932   
5933   
5934   
5935   
5936   
5937   
5938   
5939   
5940   
5941   
5942   
5943   
5944   
5945   
5946   
5947   
5948   
5949   
5950   
5951   
5952   
5953   
5954   
5955   
5956   
5957   
5958   
5959   
5960   
5961   
5962   
5963   
5964   
5965   
5966   
5967   
5968   
5969   384 
5970   
5971   
5972   383 
5973   379 
5974   
5975   382 
5976   349 374 378 
5977   
5978   381 
5979   344 348 373 377 381 
5980   369 
5981   
5982   
5983   
5984   
5985   
5986   
5987   
5988   
5989   
5990   
5991   
5992   
5993   
5994   
5995   
5996   
5997   
5998   
5999   
6000   
6001   
6002   
6003   
6004   
6005   
6006   
6007   
6008   
6009   
6010   
6011   
6012   
6013   
6014   
6015   
6016   
6017   
6018   
6019   
6020   
6021   
6022   
6023   
6024   
6025   
6026   
6027   
6028   
6029   
6030   
6031   
6032   
6033   
6034   
6035   
6036   
6037   
6038   
6039   
6040   
6041   
6042   
6043   
6044   
6045   
6046   
6047   
6048   
6049   384 
6050   
6051   
6052   383 
6053   379 
6054   
6055   382 
6056   349 374 378 
6057   
6058   
6059   
6060   
6061   
6062   
6063   
6064   
6065   
6066   
6067   
6068   
6069   
6070   
6071   
6072   
6073   
6074   
6075   
6076   
6077   
6078   
6079   
6080   
6081   
6082   
6083   
6084   
6085   
6086   
6087   
6088   
6089   
6090   
6091   
6092   
6093   
6094   
6095   
6096   
6097   
6098   
6099   
6100   
6101   
6102   
6103   
6104   
6105   
6106   
6107   
6108   
6109   
6110   
6111   
6112   
6113   
6114   
6115   
6116   
6117   
6118   
6119   
6120   
6121   
6122   
6123   
6124   
6125   
6126   
6127   
6128   
6129   384 
6130   
6131   
6132   
6133   379 383 
6134   
6135   
6136   349 378 382 
6137   374 
6138   
6139   
6140   
6141   
6142   
6143   
6144   
6145   
6146   
6147   
6148   
6149   
6150   
6151   
6152   
6153   
6154   
6155   
6156   
6157   
6158   
6159   
6160   
6161   
6162   
6163   
6164   
6165   
6166   
6167   
6168   
6169   
6170   
6171   
6172   
6173   
6174   
6175   
6176   
6177   
6178   
6179   
6180   
6181   
6182   
6183   
6184   
6185   
6186   
6187   
6188   
6189   
6190   
6191   
6192   
6193   
6194   
6195   
6196   
6197   
6198   
6199   
6200   
6201   
6202   
6203   
6204   
6205   
6206   
6207   
6208   
6209   
6210   384 
6211   
6212   
6213   379 383 
6214   
6215   
6216   
6217   
6218   
6219   
6220   
6221   
6222   
6223   
6224   
6225   
6226   
6227   
6228   
6229   
6230   
6231   
6232   
6233   
6234   
6235   
6236   
6237   
6238   
6239   
6240   
6241   
6242   
6243   
6244   
6245   
6246   
6247   
6248   
6249   
6250   
6251   
6252   
6253   
6254   
6255   
6256   
6257   
6258   
6259   
6260   
6261   
6262   
6263   
6264   
6265   
6266   
6267   
6268   
6269   
6270   
6271   
6272   
6273   
6274   
6275   
6276   
6277   
6278   
6279   
6280   
6281   
6282   
6283   
6284   
6285   
6286   
6287   
6288   
6289   
6290   384 
6291   
6292   
6293   
6294   
6295   
6296   
6297   
6298   
6299   
6300   
6301   
6302   
6303   
6304   
6305   
6306   
6307   
6308   
6309   
6310   
6311   
6312   
6313   
6314   
6315   
6316   
6317   
6318   
6319   
6320   
6321   
6322   
6323   
6324   
6325   
6326   
6327   
6328   
6329   
6330   
6331   
6332   
6333   
6334   
6335   
6336   
6337   
6338   
6339   
6340   
6341   
6342   
6343   
6344   
6345   
6346   
6347   
6348   
6349   
6350   
6351   
6352   
6353   
6354   
6355   
6356   
6357   
6358   
6359   
6360   
6361   
6362   
6363   
6364   
6365   
6366   
6367   
6368   
6369   
6370   
6371   
6372   
6373   
6374   
6375   
6376   
6377   
6378   
6379   
6380   
6381   
6382   
6383   
6384   
6385   
6386   
6387   
6388   
6389   
6390   
6391   
6392   
6393   
6394   
6395   
6396   
6397   
6398   
6399